[Connect DataFile][1.1]
Date:;19.02.2026
Time:;16:09:11,170
Unit:;C
Resolution:;0,0125
Values:;7
Time;Hot Spot;ROI;Thermal_Corona;Detector Area;2.0 mm;1.5 mm;1.0 mm;
00:00:00,000;56,1;56,1;35,9;66,4;66,4;59,6;52,2;
00:00:00,012;56,3;56,3;35,8;66,4;66,4;59,7;52,1;
00:00:00,025;56,0;56,0;35,8;66,4;66,4;60,0;52,3;
00:00:00,037;56,1;56,1;35,7;66,3;66,3;59,8;52,4;
00:00:00,050;56,0;56,0;36,0;66,2;66,2;60,1;52,0;
00:00:00,062;56,1;56,1;35,9;66,3;66,3;59,8;51,9;
00:00:00,075;56,0;56,0;35,7;66,7;66,7;60,1;52,4;
00:00:00,087;56,0;56,0;35,7;66,4;66,4;59,9;52,2;
00:00:00,100;56,3;56,3;35,7;66,5;66,5;60,0;52,4;
00:00:00,112;56,2;56,2;35,9;66,4;66,4;59,7;52,4;
00:00:00,125;56,4;56,4;35,7;66,3;66,3;60,0;52,4;
00:00:00,137;55,9;55,9;35,9;66,2;66,2;59,7;52,4;
00:00:00,150;56,0;56,0;35,9;66,4;66,4;59,9;52,3;
00:00:00,162;56,2;56,2;35,9;66,5;66,5;60,0;52,3;
00:00:00,175;56,0;56,0;35,7;66,5;66,5;59,7;52,3;
00:00:00,187;56,0;56,0;35,7;66,4;66,4;59,5;52,0;
00:00:00,200;56,0;56,0;35,7;66,0;66,0;59,7;51,9;
00:00:00,212;56,4;56,4;35,8;66,5;66,5;59,7;52,2;
00:00:00,225;55,9;55,9;35,8;66,6;66,6;59,6;52,2;
00:00:00,237;56,0;56,0;35,9;66,2;66,2;59,6;52,3;
00:00:00,250;56,4;56,4;35,9;66,5;66,5;59,6;52,7;
00:00:00,262;56,2;56,2;36,0;66,4;66,4;59,8;52,5;
00:00:00,275;56,2;56,2;36,0;66,5;66,5;59,8;52,2;
00:00:00,287;56,1;56,1;36,0;66,4;66,4;59,8;52,5;
00:00:00,300;56,4;56,4;35,9;66,7;66,7;60,2;51,9;
00:00:00,312;56,2;56,2;36,0;66,8;66,8;59,8;52,3;
00:00:00,325;56,3;56,3;35,8;66,4;66,4;60,1;52,6;
00:00:00,337;56,5;56,5;36,1;66,7;66,7;59,7;52,4;
00:00:00,350;56,4;56,4;36,0;66,7;66,7;59,6;52,4;
00:00:00,362;56,3;56,3;35,8;66,4;66,4;60,1;52,5;
00:00:00,375;56,4;56,4;36,1;66,6;66,6;59,7;52,3;
00:00:00,387;56,3;56,3;35,9;66,6;66,6;59,6;52,5;
00:00:00,400;56,3;56,3;35,8;66,4;66,4;59,5;52,2;
00:00:00,412;56,3;56,3;35,9;66,4;66,4;59,8;52,4;
00:00:00,425;56,1;56,1;35,8;66,4;66,4;59,7;52,5;
00:00:00,437;56,1;56,1;36,0;66,5;66,5;59,7;52,4;
00:00:00,450;56,0;56,0;35,9;66,5;66,5;59,7;52,4;
00:00:00,462;56,0;56,0;35,8;66,2;66,2;60,2;52,3;
00:00:00,475;56,3;56,3;35,7;65,9;65,9;59,6;52,3;
00:00:00,487;56,1;56,1;35,8;66,7;66,7;59,8;52,7;
00:00:00,500;56,2;56,2;35,9;66,5;66,5;60,1;52,3;
00:00:00,512;56,4;56,4;36,1;66,3;66,3;59,8;52,2;
00:00:00,525;56,4;56,4;35,9;66,6;66,6;59,8;52,3;
00:00:00,537;56,4;56,4;35,9;66,6;66,6;59,8;52,3;
00:00:00,550;56,0;56,0;36,0;66,2;66,2;59,6;52,2;
00:00:00,562;56,3;56,3;36,0;66,3;66,3;59,8;52,4;
00:00:00,575;56,3;56,3;35,9;66,7;66,7;59,9;52,1;
00:00:00,587;56,1;56,1;35,9;66,4;66,4;59,8;52,2;
00:00:00,600;56,4;56,4;35,8;66,4;66,4;59,5;52,2;
00:00:00,612;56,2;56,2;35,9;66,5;66,5;59,8;52,3;
00:00:00,625;56,1;56,1;35,9;66,6;66,6;59,6;51,9;
00:00:00,637;56,3;56,3;35,7;66,2;66,2;59,8;52,2;
00:00:00,650;56,3;56,3;36,0;66,5;66,5;60,1;52,0;
00:00:00,662;56,4;56,4;35,8;66,6;66,6;60,4;52,2;
00:00:00,675;56,3;56,3;35,9;66,3;66,3;60,0;52,0;
00:00:00,687;56,1;56,1;35,9;66,7;66,7;60,0;52,2;
00:00:00,700;56,3;56,3;35,8;66,4;66,4;60,0;52,3;
00:00:00,712;56,4;56,4;35,9;66,0;66,0;59,8;52,2;
00:00:00,725;56,2;56,2;36,0;67,0;67,0;59,7;52,3;
00:00:00,737;56,3;56,3;36,1;66,2;66,2;60,0;52,3;
00:00:00,750;56,0;56,0;35,9;66,7;66,7;59,7;52,2;
00:00:00,762;56,4;56,4;35,9;66,6;66,6;60,0;52,4;
00:00:00,775;56,2;56,2;36,0;66,7;66,7;60,0;52,4;
00:00:00,787;56,3;56,3;36,0;66,6;66,6;59,8;52,5;
00:00:00,800;56,2;56,2;36,1;66,5;66,5;59,9;52,3;
00:00:00,812;56,0;56,0;36,2;66,7;66,7;59,8;52,2;
00:00:00,825;56,3;56,3;36,0;66,2;66,2;60,0;52,2;
00:00:00,837;56,4;56,4;36,0;66,7;66,7;60,2;52,3;
00:00:00,850;56,4;56,4;36,2;66,4;66,4;60,0;52,3;
00:00:00,862;56,3;56,3;36,0;66,6;66,6;60,2;52,2;
00:00:00,875;56,2;56,2;35,9;66,4;66,4;60,0;52,3;
00:00:00,887;56,0;56,0;35,9;66,8;66,8;59,6;52,4;
00:00:00,900;56,2;56,2;36,0;66,4;66,4;59,7;52,3;
00:00:00,912;56,6;56,6;35,9;66,4;66,4;59,9;52,3;
00:00:00,925;56,4;56,4;35,9;66,4;66,4;60,0;52,4;
00:00:00,937;56,4;56,4;36,0;66,5;66,5;59,7;52,4;
00:00:00,950;56,2;56,2;36,3;66,2;66,2;59,8;52,4;
00:00:00,962;56,4;56,4;35,9;66,8;66,8;59,8;52,4;
00:00:00,975;56,3;56,3;36,1;66,4;66,4;59,5;52,1;
00:00:00,987;56,3;56,3;36,0;66,7;66,7;59,6;52,5;
00:00:01,000;56,4;56,4;35,9;66,4;66,4;60,1;52,4;
00:00:01,012;56,4;56,4;35,9;66,4;66,4;60,1;52,4;
00:00:01,025;56,2;56,2;35,8;66,2;66,2;59,7;52,4;
00:00:01,037;56,4;56,4;36,0;66,5;66,5;60,0;52,3;
00:00:01,050;56,4;56,4;35,8;66,6;66,6;59,5;52,4;
00:00:01,062;56,2;56,2;35,9;66,6;66,6;59,7;52,0;
00:00:01,075;56,2;56,2;35,9;66,6;66,6;59,7;52,0;
00:00:01,087;56,1;56,1;36,2;66,5;66,5;60,0;52,3;
00:00:01,100;56,4;56,4;35,9;66,4;66,4;59,6;52,2;
00:00:01,112;56,1;56,1;36,0;66,3;66,3;60,0;52,0;
00:00:01,125;56,1;56,1;35,7;66,2;66,2;60,2;52,1;
00:00:01,137;56,1;56,1;35,7;66,2;66,2;60,2;52,1;
00:00:01,150;56,2;56,2;35,9;66,4;66,4;60,1;52,4;
00:00:01,162;56,2;56,2;35,9;66,6;66,6;60,1;52,2;
00:00:01,175;56,3;56,3;35,9;66,0;66,0;59,7;52,2;
00:00:01,187;56,3;56,3;35,9;66,3;66,3;60,0;52,4;
00:00:01,200;56,2;56,2;36,0;66,5;66,5;60,0;52,1;
00:00:01,212;55,9;55,9;35,7;66,4;66,4;60,1;52,3;
00:00:01,225;56,1;56,1;35,9;66,5;66,5;59,7;52,5;
00:00:01,237;56,1;56,1;36,2;66,4;66,4;59,8;52,3;
00:00:01,250;56,0;56,0;35,7;66,4;66,4;59,8;52,3;
00:00:01,262;56,3;56,3;35,8;66,5;66,5;59,8;52,2;
00:00:01,275;56,0;56,0;36,0;66,3;66,3;60,1;52,4;
00:00:01,287;56,4;56,4;36,1;66,2;66,2;59,9;52,4;
00:00:01,300;56,3;56,3;35,9;66,4;66,4;59,7;52,4;
00:00:01,312;56,2;56,2;35,9;66,4;66,4;59,7;52,3;
00:00:01,325;55,9;55,9;35,7;66,4;66,4;59,8;52,2;
00:00:01,337;55,7;55,7;35,9;66,2;66,2;59,4;52,2;
00:00:01,350;55,9;55,9;35,9;66,2;66,2;59,2;52,4;
00:00:01,362;55,9;55,9;35,8;66,2;66,2;59,6;52,2;
00:00:01,375;56,0;56,0;35,6;66,4;66,4;59,6;51,6;
00:00:01,387;55,8;55,8;35,4;66,1;66,1;59,6;52,2;
00:00:01,400;55,7;55,7;35,9;66,3;66,3;59,7;52,1;
00:00:01,412;55,8;55,8;35,4;66,2;66,2;59,6;52,1;
00:00:01,425;55,6;55,6;35,5;66,0;66,0;59,4;52,0;
00:00:01,437;56,1;56,1;35,7;66,2;66,2;59,5;52,2;
00:00:01,450;56,1;56,1;35,2;66,2;66,2;59,2;52,3;
00:00:01,462;55,9;55,9;35,5;65,9;65,9;59,7;51,9;
00:00:01,475;55,9;55,9;35,6;66,2;66,2;59,7;51,9;
00:00:01,487;56,0;56,0;35,4;66,2;66,2;59,4;52,1;
00:00:01,500;55,8;55,8;35,5;66,1;66,1;59,5;52,0;
00:00:01,512;55,9;55,9;35,7;66,1;66,1;59,6;52,0;
00:00:01,525;55,8;55,8;35,7;66,7;66,7;59,8;52,3;
00:00:01,537;56,0;56,0;35,6;66,3;66,3;59,5;52,0;
00:00:01,550;55,8;55,8;35,4;66,2;66,2;59,2;52,0;
00:00:01,562;55,9;55,9;35,5;66,5;66,5;59,6;51,9;
00:00:01,575;56,3;56,3;35,4;66,0;66,0;59,5;52,0;
00:00:01,587;56,3;56,3;35,7;66,0;66,0;59,5;52,2;
00:00:01,600;56,3;56,3;35,3;66,2;66,2;59,4;52,1;
00:00:01,612;56,3;56,3;35,6;66,5;66,5;59,7;51,9;
00:00:01,625;56,0;56,0;35,5;66,3;66,3;59,9;52,2;
00:00:01,637;55,7;55,7;35,5;66,0;66,0;59,9;51,5;
00:00:01,650;55,7;55,7;35,5;66,0;66,0;59,9;51,5;
00:00:01,662;55,7;55,7;35,5;66,0;66,0;59,9;51,5;
00:00:01,675;55,7;55,7;35,5;66,0;66,0;59,9;51,5;
00:00:01,687;55,7;55,7;35,5;66,0;66,0;59,9;51,5;
00:00:01,700;55,7;55,7;35,5;66,0;66,0;59,9;51,5;
00:00:01,712;55,7;55,7;35,5;66,0;66,0;59,9;51,5;
00:00:01,725;55,7;55,7;35,5;66,0;66,0;59,9;51,5;
00:00:01,737;55,7;55,7;35,5;66,0;66,0;59,9;51,5;
00:00:01,750;55,7;55,7;35,5;66,0;66,0;59,9;51,5;
00:00:01,762;55,7;55,7;35,5;66,0;66,0;59,9;51,5;
00:00:01,775;55,7;55,7;35,5;66,0;66,0;59,9;51,5;
00:00:01,787;55,7;55,7;35,5;66,0;66,0;59,9;51,5;
00:00:01,800;55,7;55,7;35,5;66,0;66,0;59,9;51,5;
00:00:01,812;55,7;55,7;35,5;66,0;66,0;59,9;51,5;
00:00:01,825;55,7;55,7;35,5;66,0;66,0;59,9;51,5;
00:00:01,837;55,7;55,7;35,5;66,0;66,0;59,9;51,5;
00:00:01,850;55,7;55,7;35,5;66,0;66,0;59,9;51,5;
00:00:01,862;55,7;55,7;35,5;66,0;66,0;59,9;51,5;
00:00:01,875;55,7;55,7;35,5;66,0;66,0;59,9;51,5;
00:00:01,887;55,7;55,7;35,5;66,0;66,0;59,9;51,5;
00:00:01,900;55,7;55,7;35,5;66,0;66,0;59,9;51,5;
00:00:01,912;55,7;55,7;35,5;66,0;66,0;59,9;51,5;
00:00:01,925;55,7;55,7;35,5;66,0;66,0;59,9;51,5;
00:00:01,937;55,7;55,7;35,5;66,0;66,0;59,9;51,5;
00:00:01,950;55,7;55,7;35,5;66,0;66,0;59,9;51,5;
00:00:01,962;55,7;55,7;35,5;66,0;66,0;59,9;51,5;
00:00:01,975;55,7;55,7;35,5;66,0;66,0;59,9;51,5;
00:00:01,987;55,7;55,7;35,5;66,0;66,0;59,9;51,5;
00:00:02,000;55,7;55,7;35,5;66,0;66,0;59,9;51,5;
00:00:02,012;55,7;55,7;35,5;66,0;66,0;59,9;51,5;
00:00:02,025;55,7;55,7;35,5;66,0;66,0;59,9;51,5;
00:00:02,037;55,7;55,7;35,5;66,0;66,0;59,9;51,5;
00:00:02,050;56,0;56,0;35,7;66,6;66,6;59,8;52,0;
00:00:02,062;56,1;56,1;35,8;66,6;66,6;59,7;52,3;
00:00:02,075;56,0;56,0;35,7;66,5;66,5;59,8;52,2;
00:00:02,087;56,0;56,0;35,7;66,5;66,5;59,8;52,2;
00:00:02,100;56,3;56,3;35,7;66,5;66,5;59,4;52,4;
00:00:02,112;56,3;56,3;35,6;66,6;66,6;59,4;52,1;
00:00:02,125;56,3;56,3;35,4;66,5;66,5;60,1;51,9;
00:00:02,137;56,6;56,6;35,7;66,5;66,5;59,7;52,0;
00:00:02,150;56,6;56,6;35,7;66,5;66,5;59,7;52,0;
00:00:02,162;56,3;56,3;35,8;66,4;66,4;60,1;52,3;
00:00:02,175;55,8;55,8;35,7;66,6;66,6;59,7;52,3;
00:00:02,187;55,9;55,9;35,5;66,2;66,2;60,0;51,8;
00:00:02,200;56,1;56,1;35,5;66,5;66,5;60,2;52,4;
00:00:02,212;56,1;56,1;35,5;66,5;66,5;60,2;52,4;
00:00:02,225;56,0;56,0;35,3;66,4;66,4;59,6;52,2;
00:00:02,237;56,0;56,0;35,6;66,9;66,9;59,6;51,8;
00:00:02,250;56,0;56,0;35,9;66,5;66,5;59,6;52,3;
00:00:02,262;55,9;55,9;35,6;66,4;66,4;59,8;52,1;
00:00:02,275;55,9;55,9;35,6;66,4;66,4;59,8;52,1;
00:00:02,287;56,0;56,0;36,0;66,6;66,6;59,7;52,1;
00:00:02,300;55,9;55,9;35,7;66,7;66,7;59,7;52,2;
00:00:02,312;56,0;56,0;35,9;66,3;66,3;59,6;52,2;
00:00:02,325;55,9;55,9;35,7;66,1;66,1;59,9;52,0;
00:00:02,337;55,9;55,9;35,7;66,1;66,1;59,9;52,0;
00:00:02,350;56,2;56,2;35,6;66,2;66,2;59,8;52,1;
00:00:02,362;56,1;56,1;35,7;66,2;66,2;59,8;52,2;
00:00:02,375;56,0;56,0;35,9;66,8;66,8;60,0;52,0;
00:00:02,387;56,1;56,1;35,7;66,4;66,4;60,1;52,0;
00:00:02,400;56,3;56,3;35,7;66,5;66,5;60,0;52,3;
00:00:02,412;56,3;56,3;36,0;66,7;66,7;60,0;52,0;
00:00:02,425;55,9;55,9;35,7;66,4;66,4;60,1;52,3;
00:00:02,437;56,1;56,1;35,8;66,9;66,9;60,1;52,4;
00:00:02,450;56,3;56,3;35,9;66,5;66,5;59,8;52,3;
00:00:02,462;56,0;56,0;35,9;66,4;66,4;59,7;52,3;
00:00:02,475;56,4;56,4;36,1;66,7;66,7;60,0;52,3;
00:00:02,487;56,4;56,4;35,8;66,7;66,7;60,0;52,1;
00:00:02,500;56,2;56,2;35,9;66,5;66,5;60,2;51,8;
00:00:02,512;56,0;56,0;35,9;66,6;66,6;60,1;52,4;
00:00:02,525;56,7;56,7;35,9;66,5;66,5;59,9;52,3;
00:00:02,537;56,4;56,4;35,8;66,2;66,2;60,0;52,2;
00:00:02,550;56,4;56,4;35,5;66,7;66,7;59,6;52,2;
00:00:02,562;56,2;56,2;36,0;66,2;66,2;60,1;52,3;
00:00:02,575;56,4;56,4;35,8;66,7;66,7;60,2;52,3;
00:00:02,587;56,4;56,4;35,6;66,2;66,2;60,0;52,2;
00:00:02,600;56,0;56,0;35,6;66,5;66,5;59,7;52,3;
00:00:02,612;56,0;56,0;35,7;66,5;66,5;60,0;52,0;
00:00:02,625;56,0;56,0;35,8;66,2;66,2;60,0;52,3;
00:00:02,637;56,3;56,3;35,8;66,2;66,2;59,8;52,2;
00:00:02,650;56,5;56,5;35,7;66,7;66,7;60,1;52,1;
00:00:02,662;56,4;56,4;35,8;66,9;66,9;59,7;51,9;
00:00:02,675;55,9;55,9;36,1;66,6;66,6;60,0;52,2;
00:00:02,687;56,2;56,2;35,6;66,2;66,2;59,7;52,3;
00:00:02,700;56,4;56,4;35,9;66,5;66,5;59,8;52,2;
00:00:02,712;56,5;56,5;35,7;66,7;66,7;59,8;52,2;
00:00:02,725;56,7;56,7;36,2;66,7;66,7;60,0;52,2;
00:00:02,737;56,2;56,2;35,8;66,5;66,5;59,5;52,0;
00:00:02,750;56,1;56,1;35,7;66,5;66,5;59,8;52,2;
00:00:02,762;56,5;56,5;35,9;66,5;66,5;59,7;52,2;
00:00:02,775;56,1;56,1;35,9;66,7;66,7;59,7;52,0;
00:00:02,787;56,5;56,5;35,7;66,7;66,7;59,7;52,4;
00:00:02,800;56,4;56,4;35,7;66,6;66,6;59,9;52,3;
00:00:02,812;56,6;56,6;36,0;66,9;66,9;59,7;52,2;
00:00:02,825;56,1;56,1;36,0;66,4;66,4;60,0;52,5;
00:00:02,837;56,3;56,3;35,9;66,4;66,4;60,0;52,0;
00:00:02,850;56,5;56,5;36,0;66,7;66,7;60,0;52,2;
00:00:02,862;56,0;56,0;35,9;66,5;66,5;59,8;52,1;
00:00:02,875;56,0;56,0;35,7;66,6;66,6;59,8;52,4;
00:00:02,887;56,4;56,4;35,8;66,4;66,4;59,6;52,2;
00:00:02,900;56,0;56,0;35,8;66,1;66,1;59,6;52,3;
00:00:02,912;56,4;56,4;36,1;66,3;66,3;59,8;52,4;
00:00:02,925;56,5;56,5;36,0;66,5;66,5;60,5;52,2;
00:00:02,937;56,4;56,4;36,0;66,8;66,8;59,8;52,2;
00:00:02,950;56,2;56,2;35,9;66,5;66,5;60,0;52,0;
00:00:02,962;56,1;56,1;36,0;66,8;66,8;60,1;52,1;
00:00:02,975;56,4;56,4;35,8;66,5;66,5;60,0;52,2;
00:00:02,987;56,4;56,4;36,0;66,4;66,4;59,7;52,2;
00:00:03,000;56,4;56,4;35,7;66,5;66,5;59,9;52,2;
00:00:03,012;56,0;56,0;36,0;66,7;66,7;60,2;52,3;
00:00:03,025;56,4;56,4;35,7;66,5;66,5;60,1;52,2;
00:00:03,037;56,0;56,0;36,0;66,7;66,7;60,2;52,2;
00:00:03,050;56,6;56,6;35,7;66,2;66,2;59,6;51,9;
00:00:03,062;56,1;56,1;35,9;66,7;66,7;60,1;52,2;
00:00:03,075;56,3;56,3;35,9;66,8;66,8;60,2;52,3;
00:00:03,087;56,3;56,3;36,0;66,4;66,4;60,2;52,4;
00:00:03,100;56,4;56,4;35,9;66,7;66,7;60,0;52,2;
00:00:03,112;56,1;56,1;35,8;66,6;66,6;60,2;52,0;
00:00:03,125;56,2;56,2;36,0;66,6;66,6;60,0;52,3;
00:00:03,137;56,3;56,3;35,7;66,5;66,5;60,1;51,9;
00:00:03,150;56,0;56,0;35,9;66,4;66,4;60,1;52,3;
00:00:03,162;56,4;56,4;35,9;66,8;66,8;59,9;52,3;
00:00:03,175;56,6;56,6;35,8;66,2;66,2;59,7;52,2;
00:00:03,187;56,3;56,3;35,9;66,7;66,7;60,0;52,4;
00:00:03,200;56,3;56,3;35,7;67,0;67,0;60,2;52,2;
00:00:03,212;56,0;56,0;35,8;66,4;66,4;59,8;52,3;
00:00:03,225;56,1;56,1;35,8;66,5;66,5;60,3;52,3;
00:00:03,237;56,4;56,4;36,0;66,7;66,7;60,2;52,3;
00:00:03,250;56,4;56,4;35,9;66,8;66,8;60,4;52,2;
00:00:03,262;56,1;56,1;35,8;66,8;66,8;59,6;52,3;
00:00:03,275;56,0;56,0;35,8;66,9;66,9;60,4;52,4;
00:00:03,287;56,4;56,4;35,6;66,4;66,4;60,4;52,3;
00:00:03,300;56,2;56,2;35,9;66,6;66,6;60,0;52,4;
00:00:03,312;56,1;56,1;35,8;66,4;66,4;60,1;52,3;
00:00:03,325;56,0;56,0;35,9;67,0;67,0;60,2;52,2;
00:00:03,337;56,4;56,4;36,0;66,8;66,8;60,0;52,1;
00:00:03,350;56,0;56,0;36,1;66,7;66,7;60,1;52,0;
00:00:03,362;56,3;56,3;35,9;66,6;66,6;59,9;52,2;
00:00:03,375;56,4;56,4;35,9;66,6;66,6;59,9;52,0;
00:00:03,387;56,4;56,4;35,7;66,7;66,7;60,0;52,0;
00:00:03,400;56,6;56,6;35,8;66,5;66,5;60,0;51,8;
00:00:03,412;56,3;56,3;35,7;66,5;66,5;59,8;52,1;
00:00:03,425;56,3;56,3;35,8;66,2;66,2;60,0;52,4;
00:00:03,437;56,1;56,1;35,8;66,5;66,5;60,1;52,2;
00:00:03,450;56,1;56,1;35,8;66,3;66,3;59,8;52,2;
00:00:03,462;56,4;56,4;36,0;66,5;66,5;60,0;52,3;
00:00:03,475;56,3;56,3;36,2;66,5;66,5;59,8;52,3;
00:00:03,487;56,3;56,3;35,8;66,6;66,6;59,8;51,9;
00:00:03,500;56,5;56,5;35,9;66,8;66,8;60,1;52,2;
00:00:03,512;56,2;56,2;35,8;67,1;67,1;59,8;52,0;
00:00:03,525;56,4;56,4;35,7;66,4;66,4;60,0;52,1;
00:00:03,537;56,0;56,0;35,7;66,4;66,4;60,0;52,2;
00:00:03,550;56,5;56,5;35,7;67,0;67,0;59,8;51,9;
00:00:03,562;56,5;56,5;35,8;66,6;66,6;59,7;52,4;
00:00:03,575;56,4;56,4;35,7;66,2;66,2;59,7;52,4;
00:00:03,587;56,7;56,7;35,9;66,5;66,5;59,8;52,5;
00:00:03,600;56,6;56,6;35,9;66,6;66,6;59,8;52,3;
00:00:03,612;56,2;56,2;35,8;66,7;66,7;60,1;52,3;
00:00:03,625;56,2;56,2;35,7;67,0;67,0;60,5;52,3;
00:00:03,637;56,3;56,3;35,9;66,7;66,7;60,1;51,9;
00:00:03,650;56,4;56,4;36,0;66,3;66,3;60,0;52,0;
00:00:03,662;56,3;56,3;35,9;66,5;66,5;59,9;51,8;
00:00:03,675;56,4;56,4;35,8;66,7;66,7;60,0;52,2;
00:00:03,687;56,9;56,9;35,9;66,7;66,7;60,0;52,2;
00:00:03,700;56,3;56,3;36,0;66,8;66,8;59,8;52,0;
00:00:03,712;56,2;56,2;35,8;66,4;66,4;60,2;52,5;
00:00:03,725;56,3;56,3;35,8;66,5;66,5;60,0;52,1;
00:00:03,737;56,4;56,4;35,8;66,7;66,7;60,1;52,6;
00:00:03,750;56,6;56,6;35,9;66,7;66,7;59,8;52,3;
00:00:03,762;56,4;56,4;35,9;66,4;66,4;60,1;52,4;
00:00:03,775;56,3;56,3;35,9;66,7;66,7;59,8;52,3;
00:00:03,787;56,3;56,3;35,9;66,4;66,4;60,0;52,1;
00:00:03,800;56,1;56,1;35,9;66,4;66,4;59,9;52,5;
00:00:03,812;56,4;56,4;35,7;66,5;66,5;59,7;52,0;
00:00:03,825;56,4;56,4;35,6;66,2;66,2;59,9;52,3;
00:00:03,837;56,4;56,4;35,7;66,7;66,7;59,8;52,3;
00:00:03,850;56,4;56,4;35,7;66,4;66,4;59,7;52,2;
00:00:03,862;56,0;56,0;35,7;66,5;66,5;60,1;52,3;
00:00:03,875;56,4;56,4;35,9;67,0;67,0;60,2;52,2;
00:00:03,887;56,7;56,7;35,9;66,5;66,5;60,1;52,2;
00:00:03,900;56,6;56,6;35,9;66,7;66,7;60,0;52,2;
00:00:03,912;56,3;56,3;36,0;66,8;66,8;60,2;52,4;
00:00:03,925;56,7;56,7;36,0;66,8;66,8;60,2;52,3;
00:00:03,937;56,3;56,3;36,0;66,4;66,4;59,9;52,3;
00:00:03,950;56,4;56,4;36,0;66,5;66,5;60,2;52,4;
00:00:03,962;56,4;56,4;36,0;67,0;67,0;60,1;52,4;
00:00:03,975;56,6;56,6;36,2;66,5;66,5;60,2;52,4;
00:00:03,987;56,3;56,3;35,9;66,6;66,6;60,0;52,4;
00:00:04,000;56,4;56,4;36,0;66,9;66,9;60,1;52,5;
00:00:04,012;56,9;56,9;36,4;66,8;66,8;60,4;52,2;
00:00:04,025;56,8;56,8;36,2;66,8;66,8;60,5;52,2;
00:00:04,037;56,5;56,5;36,2;67,0;67,0;60,6;52,2;
00:00:04,050;56,5;56,5;36,2;67,0;67,0;60,6;52,2;
00:00:04,062;56,3;56,3;36,4;66,7;66,7;60,4;52,4;
00:00:04,075;56,8;56,8;36,3;67,1;67,1;60,0;52,6;
00:00:04,087;56,5;56,5;36,4;67,0;67,0;60,4;52,7;
00:00:04,100;56,4;56,4;36,0;66,7;66,7;60,2;52,8;
00:00:04,112;56,4;56,4;36,0;66,7;66,7;60,2;52,8;
00:00:04,125;56,6;56,6;36,1;66,8;66,8;60,2;52,8;
00:00:04,137;56,3;56,3;36,2;66,6;66,6;60,3;52,3;
00:00:04,150;56,8;56,8;36,4;67,0;67,0;60,3;52,3;
00:00:04,162;56,5;56,5;36,0;66,7;66,7;60,4;52,5;
00:00:04,175;56,5;56,5;36,0;66,7;66,7;60,4;52,5;
00:00:04,187;56,4;56,4;35,8;66,2;66,2;60,3;52,3;
00:00:04,200;56,5;56,5;35,9;66,4;66,4;60,2;52,8;
00:00:04,212;56,3;56,3;36,0;66,4;66,4;60,0;52,2;
00:00:04,225;56,5;56,5;36,0;66,8;66,8;60,0;52,7;
00:00:04,237;56,5;56,5;36,0;66,8;66,8;60,0;52,7;
00:00:04,250;56,4;56,4;35,7;66,6;66,6;60,0;52,2;
00:00:04,262;56,0;56,0;35,7;66,3;66,3;60,4;52,0;
00:00:04,275;56,4;56,4;36,0;66,5;66,5;60,5;52,2;
00:00:04,287;56,1;56,1;35,9;66,5;66,5;59,9;52,2;
00:00:04,300;56,1;56,1;35,9;66,5;66,5;59,9;52,2;
00:00:04,312;56,3;56,3;35,8;66,7;66,7;60,2;52,1;
00:00:04,325;56,3;56,3;36,0;66,7;66,7;60,0;52,2;
00:00:04,337;56,4;56,4;35,8;66,6;66,6;60,3;52,3;
00:00:04,350;56,4;56,4;35,8;66,8;66,8;60,1;52,0;
00:00:04,362;56,4;56,4;35,8;66,8;66,8;60,1;52,0;
00:00:04,375;56,0;56,0;35,9;66,4;66,4;60,2;52,1;
00:00:04,387;56,1;56,1;35,7;66,5;66,5;59,8;52,3;
00:00:04,400;56,1;56,1;35,9;66,9;66,9;60,2;52,2;
00:00:04,412;56,6;56,6;35,8;66,5;66,5;60,0;52,2;
00:00:04,425;56,6;56,6;35,8;66,5;66,5;60,0;52,2;
00:00:04,437;56,3;56,3;35,9;66,4;66,4;60,2;52,1;
00:00:04,450;56,3;56,3;35,8;67,0;67,0;60,4;52,2;
00:00:04,462;56,6;56,6;35,9;66,7;66,7;60,0;52,4;
00:00:04,475;56,2;56,2;35,9;66,8;66,8;59,7;52,3;
00:00:04,487;56,2;56,2;35,9;66,8;66,8;59,7;52,3;
00:00:04,500;56,0;56,0;35,9;66,7;66,7;59,8;52,2;
00:00:04,512;56,2;56,2;35,8;66,7;66,7;60,2;52,3;
00:00:04,525;56,3;56,3;35,8;66,7;66,7;60,2;52,4;
00:00:04,537;56,3;56,3;36,0;66,8;66,8;60,0;52,4;
00:00:04,550;56,3;56,3;36,0;66,8;66,8;60,0;52,4;
00:00:04,562;56,2;56,2;35,8;66,7;66,7;60,2;52,2;
00:00:04,575;55,9;55,9;35,7;66,4;66,4;60,4;52,3;
00:00:04,587;56,3;56,3;35,8;66,5;66,5;60,0;52,2;
00:00:04,600;56,1;56,1;36,0;66,7;66,7;60,2;52,4;
00:00:04,612;56,1;56,1;36,0;66,7;66,7;60,2;52,4;
00:00:04,625;56,4;56,4;36,0;66,4;66,4;59,7;52,0;
00:00:04,637;56,2;56,2;36,1;66,6;66,6;60,2;52,2;
00:00:04,650;56,4;56,4;35,9;66,6;66,6;59,7;52,7;
00:00:04,662;56,5;56,5;35,8;66,7;66,7;60,1;52,3;
00:00:04,675;56,5;56,5;35,8;66,7;66,7;60,1;52,3;
00:00:04,687;56,4;56,4;35,9;66,7;66,7;60,1;52,4;
00:00:04,700;56,4;56,4;36,0;66,4;66,4;60,1;52,5;
00:00:04,712;56,0;56,0;35,8;66,9;66,9;60,3;52,4;
00:00:04,725;56,3;56,3;35,7;66,7;66,7;60,0;52,2;
00:00:04,737;56,3;56,3;35,7;66,7;66,7;60,0;52,2;
00:00:04,750;56,6;56,6;35,9;66,7;66,7;60,0;52,4;
00:00:04,762;56,5;56,5;35,7;66,6;66,6;60,0;52,3;
00:00:04,775;56,1;56,1;35,9;66,5;66,5;59,8;52,3;
00:00:04,787;56,0;56,0;36,0;66,7;66,7;60,4;52,2;
00:00:04,800;56,4;56,4;35,9;66,4;66,4;60,2;52,2;
00:00:04,812;56,3;56,3;35,9;66,9;66,9;60,0;52,1;
00:00:04,825;56,3;56,3;35,8;66,7;66,7;59,9;52,3;
00:00:04,837;56,4;56,4;35,9;66,7;66,7;60,2;52,2;
00:00:04,850;56,3;56,3;35,9;66,8;66,8;59,8;52,1;
00:00:04,862;56,4;56,4;35,8;66,7;66,7;60,1;52,2;
00:00:04,875;55,9;55,9;35,7;66,4;66,4;60,1;52,1;
00:00:04,887;56,2;56,2;35,8;66,6;66,6;60,3;52,4;
00:00:04,900;56,0;56,0;35,9;66,7;66,7;60,1;52,5;
00:00:04,912;56,0;56,0;35,9;66,8;66,8;60,0;52,3;
00:00:04,925;56,2;56,2;35,7;66,2;66,2;60,2;52,1;
00:00:04,937;56,3;56,3;35,8;66,6;66,6;60,0;52,1;
00:00:04,950;56,0;56,0;35,7;66,5;66,5;60,0;52,3;
00:00:04,962;56,3;56,3;35,7;66,7;66,7;60,2;52,0;
00:00:04,975;56,0;56,0;36,0;66,7;66,7;60,3;52,2;
00:00:04,987;56,2;56,2;35,8;66,7;66,7;60,2;52,0;
00:00:05,000;56,3;56,3;35,9;66,5;66,5;59,3;52,3;
00:00:05,012;56,4;56,4;35,7;66,4;66,4;60,2;52,0;
00:00:05,025;55,9;55,9;35,7;66,8;66,8;59,8;52,2;
00:00:05,037;56,2;56,2;35,7;66,7;66,7;60,0;51,9;
00:00:05,050;56,4;56,4;35,7;66,7;66,7;60,2;52,1;
00:00:05,062;56,4;56,4;35,7;66,4;66,4;60,1;52,3;
00:00:05,075;56,5;56,5;35,7;66,5;66,5;59,7;52,0;
00:00:05,087;56,0;56,0;35,7;66,5;66,5;59,8;52,1;
00:00:05,100;56,5;56,5;35,7;66,5;66,5;60,1;52,2;
00:00:05,112;56,3;56,3;35,8;66,2;66,2;59,7;52,1;
00:00:05,125;56,1;56,1;35,7;66,5;66,5;59,9;52,3;
00:00:05,137;56,1;56,1;35,7;66,8;66,8;60,1;51,8;
00:00:05,150;56,3;56,3;35,7;66,7;66,7;59,9;52,4;
00:00:05,162;56,5;56,5;35,9;66,8;66,8;60,0;52,0;
00:00:05,175;56,3;56,3;35,7;66,3;66,3;60,0;52,4;
00:00:05,187;56,3;56,3;35,8;66,8;66,8;60,2;52,2;
00:00:05,200;56,2;56,2;35,6;66,7;66,7;60,1;52,3;
00:00:05,212;56,5;56,5;35,7;66,7;66,7;60,1;52,5;
00:00:05,225;56,2;56,2;35,7;66,7;66,7;59,6;52,3;
00:00:05,237;56,3;56,3;35,7;66,4;66,4;60,0;52,1;
00:00:05,250;56,2;56,2;35,7;66,6;66,6;60,4;52,2;
00:00:05,262;56,3;56,3;35,7;66,4;66,4;59,7;52,0;
00:00:05,275;56,3;56,3;35,7;66,2;66,2;59,8;51,9;
00:00:05,287;56,4;56,4;35,6;66,6;66,6;60,2;52,3;
00:00:05,300;56,1;56,1;36,0;66,4;66,4;59,9;52,5;
00:00:05,312;56,6;56,6;35,6;66,5;66,5;60,0;51,9;
00:00:05,325;56,4;56,4;35,8;66,7;66,7;59,8;52,0;
00:00:05,337;56,3;56,3;35,7;66,5;66,5;59,9;52,1;
00:00:05,350;56,3;56,3;35,8;66,6;66,6;60,1;52,3;
00:00:05,362;56,0;56,0;35,7;66,7;66,7;59,7;52,2;
00:00:05,375;56,5;56,5;35,7;66,4;66,4;59,8;52,4;
00:00:05,387;56,0;56,0;35,7;67,0;67,0;60,2;52,4;
00:00:05,400;56,3;56,3;35,7;66,5;66,5;60,3;52,1;
00:00:05,412;56,4;56,4;35,6;66,6;66,6;60,2;52,1;
00:00:05,425;56,3;56,3;35,9;66,8;66,8;59,8;52,2;
00:00:05,437;56,3;56,3;35,8;66,4;66,4;60,2;52,2;
00:00:05,450;56,4;56,4;35,8;66,5;66,5;60,1;52,4;
00:00:05,462;56,4;56,4;35,7;66,6;66,6;60,0;52,4;
00:00:05,475;56,5;56,5;35,7;66,4;66,4;60,4;52,2;
00:00:05,487;56,1;56,1;35,7;66,5;66,5;59,9;52,5;
00:00:05,500;56,2;56,2;35,8;66,2;66,2;60,0;52,2;
00:00:05,512;56,3;56,3;35,7;66,2;66,2;60,0;51,8;
00:00:05,525;56,2;56,2;35,7;66,4;66,4;59,9;52,3;
00:00:05,537;56,5;56,5;36,0;66,6;66,6;60,1;52,2;
00:00:05,550;56,5;56,5;35,8;66,5;66,5;60,0;52,1;
00:00:05,562;56,3;56,3;35,9;66,5;66,5;60,0;52,1;
00:00:05,575;56,4;56,4;35,7;66,7;66,7;60,1;52,4;
00:00:05,587;55,9;55,9;35,6;66,2;66,2;60,3;52,2;
00:00:05,600;56,1;56,1;35,9;66,7;66,7;60,0;52,2;
00:00:05,612;56,4;56,4;35,7;66,7;66,7;60,1;52,5;
00:00:05,625;55,9;55,9;35,9;66,8;66,8;60,0;52,5;
00:00:05,637;56,5;56,5;35,8;66,5;66,5;59,7;52,4;
00:00:05,650;56,4;56,4;35,9;66,5;66,5;60,1;52,2;
00:00:05,662;56,5;56,5;35,9;66,9;66,9;60,2;52,2;
00:00:05,675;56,4;56,4;35,9;66,7;66,7;60,1;52,1;
00:00:05,687;56,3;56,3;35,9;66,5;66,5;60,5;52,2;
00:00:05,700;56,3;56,3;35,7;66,2;66,2;60,0;52,0;
00:00:05,712;56,0;56,0;35,5;66,8;66,8;60,0;51,9;
00:00:05,725;56,3;56,3;35,7;66,6;66,6;60,0;52,3;
00:00:05,737;56,2;56,2;35,8;66,5;66,5;60,2;52,2;
00:00:05,750;56,4;56,4;35,8;66,5;66,5;59,9;51,9;
00:00:05,762;56,3;56,3;35,9;66,4;66,4;59,8;52,2;
00:00:05,775;56,1;56,1;35,7;66,5;66,5;59,7;52,4;
00:00:05,787;56,3;56,3;35,7;66,8;66,8;60,4;52,1;
00:00:05,800;56,3;56,3;35,8;66,6;66,6;60,0;52,1;
00:00:05,812;56,5;56,5;35,7;66,2;66,2;59,7;52,0;
00:00:05,825;56,0;56,0;35,7;66,3;66,3;60,2;52,2;
00:00:05,837;56,6;56,6;35,7;66,8;66,8;60,2;52,7;
00:00:05,850;55,8;55,8;35,6;66,7;66,7;60,1;52,3;
00:00:05,862;55,8;55,8;35,7;66,7;66,7;60,2;52,0;
00:00:05,875;56,2;56,2;35,7;66,7;66,7;60,0;52,2;
00:00:05,887;56,2;56,2;35,9;66,4;66,4;60,3;52,3;
00:00:05,900;56,4;56,4;35,8;66,5;66,5;60,0;52,2;
00:00:05,912;56,3;56,3;35,7;66,7;66,7;59,8;52,1;
00:00:05,925;56,1;56,1;35,8;66,5;66,5;59,9;52,2;
00:00:05,937;56,5;56,5;35,6;66,4;66,4;59,9;52,3;
00:00:05,950;56,0;56,0;35,8;66,8;66,8;60,0;51,9;
00:00:05,962;56,5;56,5;36,0;66,4;66,4;60,1;52,3;
00:00:05,975;56,3;56,3;35,6;66,5;66,5;60,1;52,4;
00:00:05,987;56,3;56,3;35,8;66,3;66,3;60,2;52,3;
00:00:06,000;56,6;56,6;35,9;66,4;66,4;59,9;52,2;
00:00:06,012;56,1;56,1;35,7;66,7;66,7;59,8;52,4;
00:00:06,025;56,3;56,3;35,7;66,5;66,5;59,8;52,0;
00:00:06,037;56,3;56,3;35,9;66,8;66,8;60,3;52,4;
00:00:06,050;56,3;56,3;35,8;66,8;66,8;59,9;52,4;
00:00:06,062;56,3;56,3;35,6;66,2;66,2;60,2;52,3;
00:00:06,075;56,4;56,4;35,8;66,8;66,8;60,1;52,4;
00:00:06,087;56,5;56,5;36,0;66,7;66,7;59,8;52,2;
00:00:06,100;56,5;56,5;35,9;66,7;66,7;60,0;52,0;
00:00:06,112;56,4;56,4;35,6;66,7;66,7;60,1;52,2;
00:00:06,125;56,2;56,2;35,7;66,7;66,7;60,1;52,0;
00:00:06,137;56,4;56,4;35,8;66,8;66,8;60,1;51,9;
00:00:06,150;56,3;56,3;36,0;66,8;66,8;59,8;52,4;
00:00:06,162;56,0;56,0;35,9;66,8;66,8;60,0;51,8;
00:00:06,175;56,7;56,7;35,7;66,4;66,4;60,2;52,4;
00:00:06,187;55,9;55,9;35,9;66,8;66,8;60,1;52,3;
00:00:06,200;56,1;56,1;35,7;66,5;66,5;59,6;52,1;
00:00:06,212;56,1;56,1;35,7;66,8;66,8;60,2;51,9;
00:00:06,225;56,4;56,4;35,8;66,8;66,8;59,8;52,0;
00:00:06,237;56,2;56,2;35,6;66,5;66,5;59,8;52,1;
00:00:06,250;56,5;56,5;35,9;66,5;66,5;60,2;52,2;
00:00:06,262;56,3;56,3;36,0;66,5;66,5;60,0;52,4;
00:00:06,275;56,1;56,1;35,9;66,2;66,2;60,1;52,4;
00:00:06,287;56,3;56,3;35,8;66,5;66,5;59,8;52,3;
00:00:06,300;56,0;56,0;35,9;66,4;66,4;60,2;52,4;
00:00:06,312;56,6;56,6;35,8;66,8;66,8;60,0;52,1;
00:00:06,325;56,1;56,1;35,9;66,5;66,5;59,8;52,0;
00:00:06,337;56,6;56,6;36,0;66,7;66,7;60,2;51,9;
00:00:06,350;55,6;55,6;36,0;66,5;66,5;59,8;52,2;
00:00:06,362;56,4;56,4;35,9;66,7;66,7;59,9;52,2;
00:00:06,375;56,3;56,3;35,6;66,8;66,8;59,8;52,3;
00:00:06,387;56,4;56,4;35,7;66,4;66,4;59,8;51,8;
00:00:06,400;56,3;56,3;35,7;66,7;66,7;59,8;52,0;
00:00:06,412;56,5;56,5;35,7;66,9;66,9;60,2;52,5;
00:00:06,425;56,3;56,3;35,8;66,5;66,5;59,7;52,2;
00:00:06,437;56,4;56,4;35,7;66,2;66,2;60,0;52,3;
00:00:06,450;56,3;56,3;35,9;66,7;66,7;59,7;52,2;
00:00:06,462;56,3;56,3;35,5;66,2;66,2;60,0;52,2;
00:00:06,475;55,8;55,8;35,7;66,3;66,3;59,7;51,9;
00:00:06,487;55,9;55,9;35,6;66,8;66,8;60,1;52,1;
00:00:06,500;56,4;56,4;35,7;66,2;66,2;60,1;52,2;
00:00:06,512;56,0;56,0;35,7;66,5;66,5;59,8;51,9;
00:00:06,525;56,2;56,2;35,7;66,2;66,2;60,1;52,3;
00:00:06,537;56,3;56,3;35,7;66,7;66,7;60,0;52,3;
00:00:06,550;56,2;56,2;35,7;66,5;66,5;60,0;52,0;
00:00:06,562;56,5;56,5;35,8;66,8;66,8;60,5;52,4;
00:00:06,575;56,4;56,4;35,8;66,7;66,7;60,1;52,2;
00:00:06,587;56,0;56,0;35,4;66,2;66,2;60,0;51,9;
00:00:06,600;56,2;56,2;35,7;66,7;66,7;59,4;51,9;
00:00:06,612;56,6;56,6;35,7;66,7;66,7;60,2;52,5;
00:00:06,625;56,2;56,2;35,6;66,5;66,5;60,0;51,9;
00:00:06,637;56,2;56,2;35,7;66,8;66,8;60,2;52,0;
00:00:06,650;56,5;56,5;35,7;66,5;66,5;59,7;52,2;
00:00:06,662;56,5;56,5;35,7;66,6;66,6;60,0;51,8;
00:00:06,675;56,4;56,4;35,9;66,8;66,8;60,2;52,0;
00:00:06,687;55,9;55,9;35,8;66,2;66,2;60,1;52,3;
00:00:06,700;56,3;56,3;35,7;66,5;66,5;60,0;51,9;
00:00:06,712;56,4;56,4;36,2;66,8;66,8;60,0;52,3;
00:00:06,725;56,2;56,2;35,5;66,5;66,5;59,6;51,9;
00:00:06,737;56,0;56,0;35,8;66,5;66,5;60,0;51,9;
00:00:06,750;56,3;56,3;35,7;66,4;66,4;60,0;52,1;
00:00:06,762;56,2;56,2;35,6;66,8;66,8;59,8;52,0;
00:00:06,775;56,0;56,0;35,5;66,5;66,5;59,8;51,6;
00:00:06,787;55,9;55,9;35,5;66,8;66,8;59,6;51,6;
00:00:06,800;56,1;56,1;35,7;66,6;66,6;60,0;52,3;
00:00:06,812;56,0;56,0;35,6;66,5;66,5;60,2;52,0;
00:00:06,825;56,0;56,0;35,9;66,6;66,6;60,1;52,0;
00:00:06,837;56,2;56,2;35,7;66,5;66,5;59,7;52,1;
00:00:06,850;56,4;56,4;35,6;66,8;66,8;59,6;52,2;
00:00:06,862;56,0;56,0;35,7;66,2;66,2;60,0;52,1;
00:00:06,875;56,0;56,0;35,8;66,6;66,6;59,7;52,2;
00:00:06,887;55,9;55,9;35,7;66,2;66,2;59,9;51,9;
00:00:06,900;56,3;56,3;35,7;66,5;66,5;60,4;52,1;
00:00:06,912;56,3;56,3;35,7;66,5;66,5;59,7;52,2;
00:00:06,925;56,3;56,3;35,8;66,5;66,5;59,8;51,8;
00:00:06,937;56,5;56,5;35,5;66,4;66,4;59,8;52,2;
00:00:06,950;56,0;56,0;35,6;66,4;66,4;59,8;51,9;
00:00:06,962;56,4;56,4;35,7;66,4;66,4;59,8;52,3;
00:00:06,975;56,2;56,2;35,6;66,4;66,4;60,0;52,1;
00:00:06,987;56,0;56,0;35,7;66,6;66,6;60,1;51,9;
00:00:07,000;56,0;56,0;35,7;66,5;66,5;59,9;52,2;
00:00:07,012;55,9;55,9;35,6;66,5;66,5;60,0;51,8;
00:00:07,025;56,2;56,2;36,0;66,7;66,7;59,7;51,9;
00:00:07,037;56,0;56,0;36,0;66,8;66,8;59,9;52,1;
00:00:07,050;56,5;56,5;35,9;66,3;66,3;59,9;52,2;
00:00:07,062;56,3;56,3;35,6;66,7;66,7;60,2;51,9;
00:00:07,075;56,1;56,1;35,7;66,0;66,0;60,1;52,3;
00:00:07,087;55,9;55,9;35,7;66,5;66,5;59,8;52,3;
00:00:07,100;56,3;56,3;35,7;66,9;66,9;59,9;52,0;
00:00:07,112;56,4;56,4;35,8;66,4;66,4;60,2;52,4;
00:00:07,125;56,5;56,5;35,7;66,5;66,5;60,1;52,7;
00:00:07,137;56,3;56,3;35,7;66,4;66,4;60,0;51,9;
00:00:07,150;56,3;56,3;35,7;65,9;65,9;60,2;52,4;
00:00:07,162;56,3;56,3;35,7;66,5;66,5;60,2;52,2;
00:00:07,175;56,5;56,5;35,7;66,8;66,8;59,7;52,3;
00:00:07,187;56,4;56,4;35,9;66,8;66,8;60,0;52,2;
00:00:07,200;56,3;56,3;36,0;66,7;66,7;59,7;52,2;
00:00:07,212;56,3;56,3;35,9;66,3;66,3;60,1;52,5;
00:00:07,225;56,2;56,2;35,8;66,5;66,5;60,0;52,0;
00:00:07,237;56,6;56,6;35,9;66,7;66,7;60,1;52,3;
00:00:07,250;56,5;56,5;35,8;66,8;66,8;60,1;52,3;
00:00:07,262;56,6;56,6;35,8;66,6;66,6;59,8;52,3;
00:00:07,275;56,5;56,5;35,7;66,7;66,7;59,9;52,3;
00:00:07,287;56,2;56,2;35,7;66,3;66,3;59,7;52,3;
00:00:07,300;56,1;56,1;35,7;66,8;66,8;60,0;52,2;
00:00:07,312;56,3;56,3;35,9;66,4;66,4;60,0;52,1;
00:00:07,325;56,3;56,3;36,0;66,5;66,5;60,2;52,1;
00:00:07,337;56,4;56,4;35,9;66,2;66,2;59,8;52,2;
00:00:07,350;56,3;56,3;35,6;66,5;66,5;60,1;52,3;
00:00:07,362;56,5;56,5;35,9;66,4;66,4;60,0;51,9;
00:00:07,375;56,1;56,1;35,9;66,2;66,2;60,0;52,0;
00:00:07,387;56,4;56,4;35,7;66,7;66,7;60,0;52,2;
00:00:07,400;56,4;56,4;35,7;66,8;66,8;59,8;52,0;
00:00:07,412;56,4;56,4;35,6;66,8;66,8;60,1;52,0;
00:00:07,425;56,1;56,1;35,7;66,4;66,4;59,9;52,2;
00:00:07,437;56,0;56,0;35,7;66,7;66,7;60,0;52,0;
00:00:07,450;56,4;56,4;35,5;66,3;66,3;60,0;52,5;
00:00:07,462;56,1;56,1;35,5;66,8;66,8;60,2;51,9;
00:00:07,475;56,1;56,1;35,7;66,4;66,4;60,2;52,4;
00:00:07,487;56,0;56,0;35,6;66,5;66,5;59,8;52,0;
00:00:07,500;56,1;56,1;35,7;66,8;66,8;60,1;52,4;
00:00:07,512;56,3;56,3;35,6;66,4;66,4;60,0;51,8;
00:00:07,525;56,4;56,4;35,7;66,8;66,8;59,6;52,0;
00:00:07,537;56,0;56,0;35,8;66,6;66,6;59,8;51,9;
00:00:07,550;56,3;56,3;35,7;66,0;66,0;60,2;52,3;
00:00:07,562;56,1;56,1;35,9;66,5;66,5;59,8;51,9;
00:00:07,575;56,0;56,0;35,9;66,2;66,2;60,2;52,0;
00:00:07,587;56,3;56,3;35,7;66,2;66,2;60,1;52,2;
00:00:07,600;56,2;56,2;35,7;66,7;66,7;59,8;52,0;
00:00:07,612;56,1;56,1;35,8;66,7;66,7;59,9;52,2;
00:00:07,625;55,9;55,9;35,7;66,4;66,4;60,1;52,0;
00:00:07,637;56,2;56,2;35,4;66,8;66,8;60,1;52,0;
00:00:07,650;56,5;56,5;35,9;66,8;66,8;59,7;52,0;
00:00:07,662;56,0;56,0;35,7;66,9;66,9;60,0;52,0;
00:00:07,675;56,2;56,2;35,7;66,5;66,5;60,0;52,2;
00:00:07,687;56,5;56,5;35,9;66,9;66,9;60,1;52,3;
00:00:07,700;56,4;56,4;36,0;66,8;66,8;60,0;52,1;
00:00:07,712;55,9;55,9;35,8;66,8;66,8;60,4;52,0;
00:00:07,725;56,5;56,5;35,9;66,8;66,8;59,8;52,2;
00:00:07,737;56,6;56,6;35,8;66,3;66,3;59,7;51,9;
00:00:07,750;56,2;56,2;35,8;66,7;66,7;60,1;52,3;
00:00:07,762;55,9;55,9;35,9;67,0;67,0;60,2;52,2;
00:00:07,775;56,3;56,3;35,9;66,7;66,7;60,3;52,2;
00:00:07,787;56,0;56,0;35,8;66,5;66,5;59,9;52,2;
00:00:07,800;56,3;56,3;35,9;66,7;66,7;60,1;52,3;
00:00:07,812;56,3;56,3;36,1;66,2;66,2;59,9;52,0;
00:00:07,825;56,5;56,5;35,7;66,7;66,7;59,9;52,3;
00:00:07,837;56,5;56,5;35,8;66,7;66,7;60,0;52,3;
00:00:07,850;56,7;56,7;35,8;66,3;66,3;60,0;51,9;
00:00:07,862;56,3;56,3;35,9;66,5;66,5;60,2;51,8;
00:00:07,875;56,0;56,0;35,8;66,6;66,6;60,3;52,2;
00:00:07,887;56,4;56,4;35,9;66,2;66,2;60,0;52,3;
00:00:07,900;55,9;55,9;35,8;66,6;66,6;60,0;52,1;
00:00:07,912;56,1;56,1;35,8;66,5;66,5;60,1;52,1;
00:00:07,925;56,0;56,0;35,7;66,4;66,4;60,1;52,2;
00:00:07,937;56,4;56,4;35,9;66,7;66,7;60,1;52,2;
00:00:07,950;56,4;56,4;36,1;66,5;66,5;60,0;51,9;
00:00:07,962;56,4;56,4;36,0;66,5;66,5;60,0;52,1;
00:00:07,975;56,2;56,2;35,8;66,7;66,7;60,1;52,2;
00:00:07,987;56,2;56,2;35,7;66,7;66,7;60,1;52,2;
00:00:08,000;56,5;56,5;35,9;66,7;66,7;60,2;52,0;
00:00:08,012;56,0;56,0;36,1;66,5;66,5;60,1;51,9;
00:00:08,025;56,1;56,1;35,7;66,5;66,5;60,0;52,3;
00:00:08,037;56,1;56,1;35,7;66,5;66,5;60,0;52,3;
00:00:08,050;56,3;56,3;36,0;66,7;66,7;60,0;52,3;
00:00:08,062;56,2;56,2;36,0;66,5;66,5;59,8;52,3;
00:00:08,075;56,2;56,2;35,8;66,5;66,5;60,2;52,0;
00:00:08,087;56,4;56,4;35,8;66,2;66,2;60,1;52,2;
00:00:08,100;56,4;56,4;35,8;66,2;66,2;60,1;52,2;
00:00:08,112;56,5;56,5;35,9;66,2;66,2;60,1;52,4;
00:00:08,125;56,4;56,4;35,9;67,0;67,0;60,2;52,3;
00:00:08,137;56,2;56,2;35,9;66,9;66,9;60,2;52,4;
00:00:08,150;56,3;56,3;35,9;66,5;66,5;60,2;52,2;
00:00:08,162;56,3;56,3;35,9;66,5;66,5;60,2;52,2;
00:00:08,175;56,4;56,4;35,9;66,8;66,8;60,0;52,4;
00:00:08,187;56,1;56,1;35,7;66,2;66,2;60,3;52,2;
00:00:08,200;55,9;55,9;35,7;66,6;66,6;60,4;52,0;
00:00:08,212;56,3;56,3;35,7;66,3;66,3;60,1;52,3;
00:00:08,225;56,3;56,3;35,7;66,3;66,3;60,1;52,3;
00:00:08,237;56,1;56,1;35,7;66,9;66,9;60,2;52,2;
00:00:08,250;56,3;56,3;35,8;66,2;66,2;60,0;52,4;
00:00:08,262;56,3;56,3;35,7;66,3;66,3;59,8;52,0;
00:00:08,275;55,9;55,9;35,8;66,7;66,7;60,4;52,2;
00:00:08,287;55,9;55,9;35,8;66,7;66,7;60,4;52,2;
00:00:08,300;56,7;56,7;35,8;66,7;66,7;60,2;52,0;
00:00:08,312;56,3;56,3;35,8;66,3;66,3;60,2;52,3;
00:00:08,325;56,4;56,4;35,9;66,8;66,8;60,0;52,1;
00:00:08,337;56,4;56,4;35,8;66,6;66,6;59,8;52,2;
00:00:08,350;56,4;56,4;35,8;66,6;66,6;59,8;52,2;
00:00:08,362;56,6;56,6;35,9;66,1;66,1;60,4;52,1;
00:00:08,375;56,3;56,3;35,9;66,9;66,9;60,3;52,2;
00:00:08,387;56,2;56,2;35,8;66,9;66,9;60,2;52,0;
00:00:08,400;56,4;56,4;36,0;66,2;66,2;60,0;52,3;
00:00:08,412;56,4;56,4;36,0;66,2;66,2;60,0;52,3;
00:00:08,425;56,3;56,3;35,8;66,5;66,5;60,1;52,2;
00:00:08,437;56,3;56,3;35,9;66,9;66,9;60,1;52,0;
00:00:08,450;56,4;56,4;35,8;66,4;66,4;60,2;52,0;
00:00:08,462;56,3;56,3;35,8;66,7;66,7;60,1;52,2;
00:00:08,475;56,3;56,3;35,8;66,7;66,7;60,1;52,2;
00:00:08,487;56,3;56,3;35,8;66,4;66,4;59,8;52,2;
00:00:08,500;56,2;56,2;35,8;66,6;66,6;60,0;52,2;
00:00:08,512;56,0;56,0;35,7;66,5;66,5;60,1;51,9;
00:00:08,525;56,4;56,4;35,8;66,8;66,8;60,2;52,0;
00:00:08,537;56,4;56,4;35,8;66,8;66,8;60,2;52,0;
00:00:08,550;56,4;56,4;35,9;66,2;66,2;60,2;52,3;
00:00:08,562;56,3;56,3;35,7;66,4;66,4;60,1;52,0;
00:00:08,575;56,1;56,1;35,8;66,4;66,4;60,1;52,0;
00:00:08,587;56,3;56,3;35,7;66,7;66,7;60,1;52,3;
00:00:08,600;56,3;56,3;35,7;66,7;66,7;60,1;52,3;
00:00:08,612;56,6;56,6;35,7;67,1;67,1;60,3;52,4;
00:00:08,625;56,3;56,3;35,7;66,4;66,4;60,0;52,4;
00:00:08,637;56,3;56,3;35,9;66,5;66,5;59,8;52,0;
00:00:08,650;56,4;56,4;35,9;66,7;66,7;60,0;52,5;
00:00:08,662;56,4;56,4;35,9;66,7;66,7;60,0;52,5;
00:00:08,675;56,5;56,5;35,6;66,2;66,2;59,8;52,2;
00:00:08,687;56,3;56,3;35,5;66,7;66,7;60,2;52,2;
00:00:08,700;56,1;56,1;35,7;66,8;66,8;60,1;52,3;
00:00:08,712;56,1;56,1;35,7;66,8;66,8;59,7;52,1;
00:00:08,725;56,1;56,1;35,7;66,8;66,8;59,7;52,1;
00:00:08,737;56,2;56,2;35,6;66,4;66,4;60,0;52,2;
00:00:08,750;56,2;56,2;35,7;66,7;66,7;60,0;52,2;
00:00:08,762;56,3;56,3;35,6;66,8;66,8;60,1;52,2;
00:00:08,775;56,3;56,3;35,6;66,5;66,5;59,9;52,3;
00:00:08,787;56,3;56,3;35,6;66,5;66,5;59,9;52,3;
00:00:08,800;56,5;56,5;35,9;66,8;66,8;59,9;52,2;
00:00:08,812;56,3;56,3;35,5;66,4;66,4;60,1;51,9;
00:00:08,825;56,2;56,2;35,7;66,4;66,4;59,9;52,2;
00:00:08,837;56,4;56,4;35,9;66,5;66,5;60,1;52,3;
00:00:08,850;56,4;56,4;35,9;66,5;66,5;60,1;52,3;
00:00:08,862;56,3;56,3;35,6;66,3;66,3;60,3;52,2;
00:00:08,875;56,1;56,1;35,7;66,7;66,7;59,7;52,0;
00:00:08,887;56,3;56,3;35,5;66,7;66,7;59,9;52,2;
00:00:08,900;56,2;56,2;35,7;66,6;66,6;60,0;52,3;
00:00:08,912;56,2;56,2;35,7;66,6;66,6;60,0;52,3;
00:00:08,925;56,2;56,2;35,7;66,0;66,0;60,1;51,9;
00:00:08,937;56,4;56,4;35,8;66,5;66,5;60,0;51,8;
00:00:08,950;56,4;56,4;35,8;67,0;67,0;60,1;52,0;
00:00:08,962;56,4;56,4;35,6;66,2;66,2;60,2;52,2;
00:00:08,975;56,4;56,4;35,6;66,2;66,2;60,2;52,2;
00:00:08,987;56,1;56,1;35,7;66,7;66,7;60,3;51,8;
00:00:09,000;56,1;56,1;35,7;66,5;66,5;60,4;52,4;
00:00:09,012;56,4;56,4;35,6;66,8;66,8;60,2;52,3;
00:00:09,025;56,3;56,3;35,5;66,5;66,5;59,7;52,5;
00:00:09,037;56,3;56,3;35,5;66,5;66,5;59,7;52,5;
00:00:09,050;56,5;56,5;35,7;66,6;66,6;60,2;52,1;
00:00:09,062;56,2;56,2;35,7;66,8;66,8;60,2;52,1;
00:00:09,075;56,3;56,3;35,9;66,6;66,6;60,2;52,2;
00:00:09,087;56,0;56,0;35,7;66,6;66,6;60,1;52,3;
00:00:09,100;56,0;56,0;35,7;66,6;66,6;60,1;52,3;
00:00:09,112;56,2;56,2;35,8;66,4;66,4;59,8;52,3;
00:00:09,125;56,3;56,3;35,7;66,7;66,7;60,3;52,3;
00:00:09,137;56,4;56,4;35,8;66,8;66,8;60,5;51,9;
00:00:09,150;56,5;56,5;35,9;66,2;66,2;60,4;52,1;
00:00:09,162;56,5;56,5;35,9;66,2;66,2;60,4;52,1;
00:00:09,175;56,3;56,3;36,0;66,4;66,4;60,3;52,2;
00:00:09,187;56,2;56,2;35,7;66,6;66,6;60,4;52,4;
00:00:09,200;56,2;56,2;35,9;66,7;66,7;60,2;52,5;
00:00:09,212;56,4;56,4;35,9;66,5;66,5;60,1;52,1;
00:00:09,225;56,4;56,4;35,9;66,5;66,5;60,1;52,1;
00:00:09,237;56,0;56,0;35,7;66,7;66,7;60,2;51,9;
00:00:09,250;56,6;56,6;36,0;66,9;66,9;60,1;52,5;
00:00:09,262;56,4;56,4;35,9;66,3;66,3;59,9;52,2;
00:00:09,275;56,3;56,3;35,8;66,7;66,7;60,1;52,5;
00:00:09,287;56,3;56,3;35,8;66,7;66,7;60,1;52,5;
00:00:09,300;56,0;56,0;35,9;67,0;67,0;60,2;51,9;
00:00:09,312;56,0;56,0;35,9;66,4;66,4;60,2;51,9;
00:00:09,325;56,2;56,2;35,9;66,5;66,5;60,1;52,2;
00:00:09,337;56,4;56,4;35,7;66,6;66,6;60,1;52,3;
00:00:09,350;56,4;56,4;35,7;66,6;66,6;60,1;52,3;
00:00:09,362;56,4;56,4;35,6;66,7;66,7;60,5;52,3;
00:00:09,375;56,2;56,2;35,7;66,7;66,7;59,8;52,4;
00:00:09,387;56,2;56,2;35,7;66,4;66,4;59,8;52,2;
00:00:09,400;56,2;56,2;35,7;67,0;67,0;60,1;52,4;
00:00:09,412;56,2;56,2;35,7;67,0;67,0;60,1;52,4;
00:00:09,425;56,4;56,4;35,7;66,6;66,6;59,8;52,1;
00:00:09,437;56,0;56,0;35,5;66,8;66,8;59,9;52,1;
00:00:09,450;56,1;56,1;35,7;66,8;66,8;60,0;51,9;
00:00:09,462;56,3;56,3;35,6;66,5;66,5;60,2;52,2;
00:00:09,475;56,3;56,3;35,6;66,5;66,5;60,2;52,2;
00:00:09,487;56,1;56,1;35,7;66,3;66,3;59,7;52,0;
00:00:09,500;55,9;55,9;35,5;66,7;66,7;59,8;52,1;
00:00:09,512;56,0;56,0;35,5;66,7;66,7;59,8;52,3;
00:00:09,525;56,4;56,4;35,7;66,5;66,5;60,1;52,2;
00:00:09,537;56,4;56,4;35,7;66,5;66,5;60,1;52,2;
00:00:09,550;56,4;56,4;35,7;66,4;66,4;60,1;52,3;
00:00:09,562;56,1;56,1;35,7;66,8;66,8;60,1;52,1;
00:00:09,575;56,4;56,4;35,9;66,5;66,5;60,2;52,1;
00:00:09,587;56,4;56,4;35,9;66,3;66,3;60,3;52,2;
00:00:09,600;56,2;56,2;35,5;66,5;66,5;60,1;52,0;
00:00:09,612;56,4;56,4;35,7;66,8;66,8;60,3;52,3;
00:00:09,625;56,2;56,2;35,6;66,5;66,5;60,0;52,2;
00:00:09,637;56,0;56,0;35,7;66,5;66,5;60,1;52,5;
00:00:09,650;55,9;55,9;35,5;66,2;66,2;60,0;52,2;
00:00:09,662;56,1;56,1;35,7;66,0;66,0;60,0;51,9;
00:00:09,675;56,3;56,3;35,7;66,4;66,4;60,0;52,2;
00:00:09,687;56,1;56,1;35,6;66,4;66,4;60,2;52,2;
00:00:09,700;56,1;56,1;35,7;66,5;66,5;59,9;52,1;
00:00:09,712;55,9;55,9;35,7;66,3;66,3;59,7;52,3;
00:00:09,725;56,0;56,0;35,6;66,6;66,6;59,9;52,0;
00:00:09,737;56,4;56,4;35,7;66,5;66,5;60,0;52,0;
00:00:09,750;56,0;56,0;35,8;66,4;66,4;60,3;52,4;
00:00:09,762;56,3;56,3;35,7;66,2;66,2;59,8;52,4;
00:00:09,775;56,3;56,3;35,7;66,7;66,7;60,1;52,2;
00:00:09,787;56,5;56,5;35,5;66,5;66,5;60,1;52,0;
00:00:09,800;56,4;56,4;35,8;66,5;66,5;60,3;52,3;
00:00:09,812;56,0;56,0;36,0;66,8;66,8;59,8;52,3;
00:00:09,825;56,0;56,0;35,7;66,5;66,5;60,2;52,4;
00:00:09,837;56,4;56,4;35,7;66,3;66,3;60,3;52,0;
00:00:09,850;56,4;56,4;35,7;66,2;66,2;60,2;52,3;
00:00:09,862;56,1;56,1;36,1;66,6;66,6;60,1;52,3;
00:00:09,875;56,3;56,3;35,7;66,6;66,6;60,6;51,9;
00:00:09,887;56,1;56,1;35,4;66,2;66,2;59,6;52,2;
00:00:09,900;56,2;56,2;35,5;66,5;66,5;60,1;52,6;
00:00:09,912;56,1;56,1;35,7;66,5;66,5;60,1;52,1;
00:00:09,925;56,4;56,4;35,8;66,6;66,6;60,2;51,9;
00:00:09,937;55,9;55,9;35,7;66,7;66,7;60,2;51,9;
00:00:09,950;56,0;56,0;35,9;66,3;66,3;59,8;52,3;
00:00:09,962;56,4;56,4;35,7;66,8;66,8;59,8;52,3;
00:00:09,975;56,5;56,5;35,7;66,2;66,2;60,1;52,2;
00:00:09,987;56,3;56,3;35,9;66,5;66,5;59,8;52,2;
00:00:10,000;56,0;56,0;35,7;66,6;66,6;59,9;52,4;
00:00:10,012;56,3;56,3;35,8;66,6;66,6;60,0;52,3;
00:00:10,025;56,4;56,4;35,7;66,5;66,5;60,0;52,3;
00:00:10,037;56,1;56,1;35,9;66,4;66,4;60,4;52,2;
00:00:10,050;56,0;56,0;35,7;66,5;66,5;59,8;52,2;
00:00:10,062;56,0;56,0;35,7;66,6;66,6;60,1;52,2;
00:00:10,075;56,4;56,4;35,7;66,7;66,7;60,3;52,2;
00:00:10,087;56,0;56,0;35,7;66,2;66,2;60,2;52,3;
00:00:10,100;55,9;55,9;35,7;67,0;67,0;59,8;52,5;
00:00:10,112;56,4;56,4;35,7;66,7;66,7;60,3;52,2;
00:00:10,125;56,4;56,4;35,8;66,3;66,3;60,0;52,2;
00:00:10,137;56,4;56,4;35,7;66,5;66,5;59,9;52,2;
00:00:10,150;56,5;56,5;35,7;66,8;66,8;60,1;52,4;
00:00:10,162;56,4;56,4;35,7;66,7;66,7;60,1;52,1;
00:00:10,175;56,3;56,3;35,7;66,5;66,5;60,2;52,4;
00:00:10,187;56,3;56,3;35,7;66,4;66,4;60,0;52,3;
00:00:10,200;56,4;56,4;35,8;66,9;66,9;60,3;52,3;
00:00:10,212;56,4;56,4;35,9;66,6;66,6;60,0;52,3;
00:00:10,225;56,5;56,5;35,7;66,8;66,8;60,1;52,4;
00:00:10,237;56,2;56,2;35,7;66,9;66,9;60,2;52,2;
00:00:10,250;56,0;56,0;35,9;67,0;67,0;60,1;52,4;
00:00:10,262;56,0;56,0;36,0;66,4;66,4;60,2;52,2;
00:00:10,275;56,1;56,1;35,7;66,7;66,7;60,1;52,2;
00:00:10,287;56,3;56,3;35,7;66,7;66,7;60,4;52,2;
00:00:10,300;56,3;56,3;35,9;66,7;66,7;60,0;52,1;
00:00:10,312;56,3;56,3;35,9;66,9;66,9;59,8;52,2;
00:00:10,325;56,4;56,4;35,6;66,5;66,5;60,2;52,2;
00:00:10,337;56,4;56,4;35,7;66,7;66,7;60,2;52,3;
00:00:10,350;56,4;56,4;35,8;66,8;66,8;60,1;52,3;
00:00:10,362;56,3;56,3;35,7;66,6;66,6;59,6;51,9;
00:00:10,375;56,3;56,3;35,7;66,6;66,6;60,0;52,1;
00:00:10,387;56,3;56,3;35,7;66,6;66,6;60,1;52,4;
00:00:10,400;56,3;56,3;35,9;66,7;66,7;60,2;52,2;
00:00:10,412;56,5;56,5;35,7;66,5;66,5;60,1;52,2;
00:00:10,425;56,2;56,2;35,8;66,5;66,5;60,1;52,5;
00:00:10,437;56,4;56,4;35,9;66,4;66,4;59,9;52,3;
00:00:10,450;56,2;56,2;35,9;66,8;66,8;60,1;52,2;
00:00:10,462;56,3;56,3;35,9;66,5;66,5;60,2;52,3;
00:00:10,475;56,5;56,5;35,7;66,5;66,5;60,2;52,2;
00:00:10,487;56,7;56,7;35,5;66,3;66,3;59,9;52,2;
00:00:10,500;56,2;56,2;36,0;66,7;66,7;60,2;52,3;
00:00:10,512;56,2;56,2;35,9;66,5;66,5;60,3;52,2;
00:00:10,525;56,1;56,1;35,8;66,3;66,3;60,1;52,5;
00:00:10,537;56,3;56,3;35,8;66,5;66,5;60,2;52,3;
00:00:10,550;56,2;56,2;35,8;66,5;66,5;60,6;52,5;
00:00:10,562;56,4;56,4;35,9;66,7;66,7;60,1;52,2;
00:00:10,575;56,4;56,4;36,0;66,4;66,4;60,2;52,5;
00:00:10,587;56,2;56,2;35,9;66,5;66,5;60,1;52,3;
00:00:10,600;56,4;56,4;35,9;66,4;66,4;60,2;52,3;
00:00:10,612;56,5;56,5;35,9;67,0;67,0;60,3;52,2;
00:00:10,625;56,3;56,3;35,9;66,7;66,7;60,4;52,4;
00:00:10,637;56,4;56,4;35,9;66,4;66,4;60,3;52,4;
00:00:10,650;56,4;56,4;35,8;66,8;66,8;60,5;52,4;
00:00:10,662;56,5;56,5;35,8;66,7;66,7;60,1;52,5;
00:00:10,675;56,6;56,6;35,8;66,5;66,5;60,0;52,0;
00:00:10,687;56,4;56,4;35,7;66,7;66,7;60,3;51,9;
00:00:10,700;56,4;56,4;35,8;66,8;66,8;60,2;52,5;
00:00:10,712;56,3;56,3;35,8;66,8;66,8;60,2;52,2;
00:00:10,725;56,2;56,2;35,9;66,4;66,4;59,8;52,3;
00:00:10,737;56,4;56,4;35,8;66,4;66,4;60,0;52,1;
00:00:10,750;56,1;56,1;35,7;66,4;66,4;60,0;52,1;
00:00:10,762;56,5;56,5;35,8;66,6;66,6;60,2;52,3;
00:00:10,775;56,1;56,1;35,7;66,7;66,7;60,1;52,3;
00:00:10,787;56,5;56,5;35,6;66,5;66,5;59,9;52,2;
00:00:10,800;56,3;56,3;35,8;66,5;66,5;59,9;52,3;
00:00:10,812;56,4;56,4;35,7;66,8;66,8;60,0;52,4;
00:00:10,825;56,3;56,3;35,7;66,4;66,4;60,1;52,2;
00:00:10,837;56,5;56,5;35,8;67,2;67,2;59,9;52,3;
00:00:10,850;56,6;56,6;35,8;66,4;66,4;60,4;52,4;
00:00:10,862;56,3;56,3;35,7;66,5;66,5;60,4;52,2;
00:00:10,875;56,3;56,3;35,6;66,4;66,4;60,4;52,3;
00:00:10,887;56,4;56,4;35,7;66,4;66,4;60,0;52,2;
00:00:10,900;56,8;56,8;35,7;66,7;66,7;60,2;52,2;
00:00:10,912;56,0;56,0;35,7;66,7;66,7;60,2;52,1;
00:00:10,925;56,3;56,3;35,8;66,7;66,7;60,4;52,5;
00:00:10,937;56,4;56,4;35,8;66,5;66,5;60,6;52,2;
00:00:10,950;56,5;56,5;35,7;66,2;66,2;60,1;52,5;
00:00:10,962;56,2;56,2;35,7;66,4;66,4;60,1;52,3;
00:00:10,975;56,5;56,5;35,7;66,2;66,2;60,5;52,4;
00:00:10,987;56,2;56,2;35,9;66,6;66,6;60,4;52,4;
00:00:11,000;56,5;56,5;35,9;66,6;66,6;60,4;52,3;
00:00:11,012;56,1;56,1;35,7;66,7;66,7;60,1;52,3;
00:00:11,025;56,3;56,3;35,7;66,8;66,8;60,4;52,3;
00:00:11,037;56,0;56,0;35,9;66,8;66,8;60,1;52,2;
00:00:11,050;56,4;56,4;35,9;66,8;66,8;60,0;52,1;
00:00:11,062;56,4;56,4;35,8;66,8;66,8;60,4;52,3;
00:00:11,075;56,5;56,5;35,7;66,4;66,4;60,1;52,3;
00:00:11,087;56,1;56,1;35,8;67,0;67,0;60,0;52,1;
00:00:11,100;56,2;56,2;35,7;66,4;66,4;60,2;52,5;
00:00:11,112;56,5;56,5;35,7;66,7;66,7;59,8;52,3;
00:00:11,125;56,5;56,5;35,9;66,4;66,4;59,9;52,4;
00:00:11,137;56,2;56,2;35,9;66,6;66,6;60,2;52,2;
00:00:11,150;55,9;55,9;35,6;66,7;66,7;60,1;52,0;
00:00:11,162;56,3;56,3;35,8;66,7;66,7;60,0;52,3;
00:00:11,175;56,3;56,3;35,6;66,7;66,7;60,3;52,3;
00:00:11,187;56,0;56,0;35,9;66,9;66,9;60,2;52,2;
00:00:11,200;56,1;56,1;35,8;66,5;66,5;60,2;52,2;
00:00:11,212;56,4;56,4;35,7;66,5;66,5;60,1;51,9;
00:00:11,225;56,4;56,4;35,6;66,6;66,6;59,9;52,2;
00:00:11,237;56,0;56,0;35,7;66,5;66,5;60,4;52,3;
00:00:11,250;56,4;56,4;35,7;66,7;66,7;60,0;52,3;
00:00:11,262;56,3;56,3;35,6;66,6;66,6;59,9;52,0;
00:00:11,275;56,5;56,5;35,8;66,7;66,7;60,4;52,4;
00:00:11,287;56,3;56,3;35,7;66,4;66,4;60,1;52,1;
00:00:11,300;56,6;56,6;35,6;66,2;66,2;60,1;52,2;
00:00:11,312;56,3;56,3;35,7;66,5;66,5;60,2;52,3;
00:00:11,325;56,2;56,2;35,6;66,4;66,4;60,2;52,3;
00:00:11,337;56,2;56,2;35,7;66,4;66,4;60,0;52,3;
00:00:11,350;56,4;56,4;35,7;66,7;66,7;59,7;52,0;
00:00:11,362;56,2;56,2;35,5;66,9;66,9;60,0;52,3;
00:00:11,375;55,9;55,9;35,9;66,2;66,2;60,1;52,2;
00:00:11,387;56,1;56,1;35,5;66,1;66,1;60,2;52,3;
00:00:11,400;56,2;56,2;35,7;66,7;66,7;60,1;52,3;
00:00:11,412;56,4;56,4;35,7;66,5;66,5;60,4;51,9;
00:00:11,425;56,4;56,4;35,5;66,8;66,8;59,9;52,2;
00:00:11,437;56,5;56,5;35,7;66,2;66,2;60,2;52,1;
00:00:11,450;56,2;56,2;35,7;66,4;66,4;60,2;52,2;
00:00:11,462;56,4;56,4;35,7;66,5;66,5;60,5;52,1;
00:00:11,475;56,4;56,4;35,9;66,5;66,5;60,0;52,3;
00:00:11,487;56,3;56,3;35,7;66,7;66,7;60,4;52,1;
00:00:11,500;56,4;56,4;35,7;66,7;66,7;60,3;51,9;
00:00:11,512;56,4;56,4;35,7;66,5;66,5;60,2;51,9;
00:00:11,525;56,4;56,4;35,6;66,7;66,7;60,2;52,0;
00:00:11,537;56,1;56,1;35,7;66,5;66,5;60,1;52,0;
00:00:11,550;56,3;56,3;35,7;66,8;66,8;60,0;52,2;
00:00:11,562;56,4;56,4;35,6;66,4;66,4;60,1;52,3;
00:00:11,575;56,3;56,3;35,6;66,1;66,1;60,0;52,2;
00:00:11,587;56,4;56,4;35,6;66,7;66,7;60,2;52,0;
00:00:11,600;56,2;56,2;35,9;66,5;66,5;60,0;52,3;
00:00:11,612;56,4;56,4;35,8;66,7;66,7;60,1;52,0;
00:00:11,625;56,4;56,4;35,6;66,7;66,7;60,2;52,1;
00:00:11,637;56,3;56,3;35,5;66,4;66,4;59,6;52,1;
00:00:11,650;56,4;56,4;35,7;66,2;66,2;60,2;52,3;
00:00:11,662;56,1;56,1;35,8;66,4;66,4;60,4;52,3;
00:00:11,675;56,5;56,5;35,6;67,0;67,0;60,2;52,2;
00:00:11,687;56,2;56,2;35,5;66,5;66,5;60,2;52,3;
00:00:11,700;56,4;56,4;35,5;66,7;66,7;60,0;52,3;
00:00:11,712;56,3;56,3;35,8;66,5;66,5;60,1;52,5;
00:00:11,725;56,3;56,3;35,7;66,4;66,4;60,1;52,2;
00:00:11,737;56,0;56,0;35,3;66,2;66,2;60,4;51,8;
00:00:11,750;56,2;56,2;35,7;66,3;66,3;60,4;52,4;
00:00:11,762;56,6;56,6;35,4;66,7;66,7;60,3;52,4;
00:00:11,775;56,4;56,4;35,5;66,6;66,6;60,3;52,2;
00:00:11,787;56,1;56,1;35,5;66,9;66,9;60,1;52,1;
00:00:11,800;56,2;56,2;35,7;66,7;66,7;60,2;52,2;
00:00:11,812;56,0;56,0;35,7;66,5;66,5;59,9;52,2;
00:00:11,825;56,5;56,5;35,5;66,5;66,5;60,3;52,4;
00:00:11,837;56,3;56,3;35,5;66,5;66,5;60,1;52,2;
00:00:11,850;56,4;56,4;35,3;66,6;66,6;60,0;52,5;
00:00:11,862;56,0;56,0;35,5;66,5;66,5;59,8;52,1;
00:00:11,875;56,3;56,3;35,6;66,5;66,5;60,0;52,3;
00:00:11,887;55,9;55,9;35,6;66,4;66,4;59,9;52,3;
00:00:11,900;55,9;55,9;35,6;66,2;66,2;60,2;52,2;
00:00:11,912;56,2;56,2;35,5;66,6;66,6;60,1;52,0;
00:00:11,925;56,0;56,0;35,5;66,7;66,7;60,2;52,1;
00:00:11,937;56,0;56,0;35,5;66,4;66,4;59,9;52,2;
00:00:11,950;56,3;56,3;35,7;66,4;66,4;60,5;52,2;
00:00:11,962;56,4;56,4;35,6;66,5;66,5;60,3;52,4;
00:00:11,975;56,2;56,2;35,5;66,8;66,8;59,9;52,5;
00:00:11,987;56,4;56,4;35,8;66,5;66,5;60,6;52,4;
00:00:12,000;56,5;56,5;35,6;66,8;66,8;60,0;52,3;
00:00:12,012;56,4;56,4;35,6;66,7;66,7;60,4;52,1;
00:00:12,025;56,6;56,6;35,7;66,5;66,5;60,3;52,4;
00:00:12,037;56,5;56,5;35,8;66,5;66,5;60,2;52,5;
00:00:12,050;56,3;56,3;35,5;66,2;66,2;59,8;52,5;
00:00:12,062;56,3;56,3;35,6;66,5;66,5;60,0;52,4;
00:00:12,075;56,0;56,0;35,5;66,4;66,4;60,0;52,3;
00:00:12,087;56,2;56,2;35,3;66,4;66,4;60,0;52,4;
00:00:12,100;56,2;56,2;35,6;66,6;66,6;60,1;52,2;
00:00:12,112;56,2;56,2;35,7;66,3;66,3;60,2;52,3;
00:00:12,125;56,1;56,1;35,5;66,8;66,8;60,0;52,2;
00:00:12,137;56,4;56,4;35,4;66,4;66,4;60,1;52,3;
00:00:12,150;56,3;56,3;35,4;66,8;66,8;60,1;52,3;
00:00:12,162;56,2;56,2;35,4;66,5;66,5;60,3;52,1;
00:00:12,175;56,4;56,4;35,7;66,8;66,8;60,4;52,2;
00:00:12,187;56,4;56,4;35,6;66,8;66,8;60,2;52,3;
00:00:12,200;56,1;56,1;35,5;66,3;66,3;60,2;52,2;
00:00:12,212;56,2;56,2;35,4;66,5;66,5;60,4;52,2;
00:00:12,225;56,0;56,0;35,5;66,2;66,2;60,1;51,9;
00:00:12,237;56,5;56,5;35,4;66,5;66,5;60,0;52,4;
00:00:12,250;56,1;56,1;35,6;66,7;66,7;60,1;51,9;
00:00:12,262;56,4;56,4;35,6;66,4;66,4;60,5;52,5;
00:00:12,275;56,3;56,3;35,7;66,5;66,5;60,0;52,2;
00:00:12,287;56,5;56,5;35,5;66,4;66,4;60,5;52,3;
00:00:12,300;56,6;56,6;35,7;66,7;66,7;59,9;52,4;
00:00:12,312;56,4;56,4;35,7;66,4;66,4;60,3;52,5;
00:00:12,325;56,5;56,5;35,7;66,7;66,7;60,1;52,0;
00:00:12,337;56,5;56,5;35,7;66,5;66,5;60,4;52,4;
00:00:12,350;56,5;56,5;35,6;66,7;66,7;60,2;52,0;
00:00:12,362;56,4;56,4;35,7;66,9;66,9;59,7;52,3;
00:00:12,375;56,3;56,3;35,5;66,6;66,6;60,2;51,9;
00:00:12,387;56,5;56,5;35,7;66,9;66,9;60,6;52,4;
00:00:12,400;56,4;56,4;35,9;66,7;66,7;60,6;52,3;
00:00:12,412;56,6;56,6;35,7;67,1;67,1;60,1;52,4;
00:00:12,425;56,8;56,8;35,8;66,4;66,4;60,4;52,4;
00:00:12,437;56,6;56,6;36,0;66,6;66,6;60,2;52,4;
00:00:12,450;56,6;56,6;35,8;66,7;66,7;60,5;52,3;
00:00:12,462;57,1;57,1;35,9;67,0;67,0;60,3;52,3;
00:00:12,475;56,3;56,3;36,2;66,8;66,8;60,4;52,4;
00:00:12,487;56,9;56,9;35,7;66,8;66,8;60,5;52,4;
00:00:12,500;56,6;56,6;35,7;66,6;66,6;60,5;52,2;
00:00:12,512;56,9;56,9;35,7;66,9;66,9;60,3;52,5;
00:00:12,525;56,8;56,8;35,7;66,5;66,5;60,7;52,5;
00:00:12,537;56,8;56,8;36,5;67,0;67,0;60,4;52,4;
00:00:12,550;56,7;56,7;35,9;66,8;66,8;60,2;52,5;
00:00:12,562;56,4;56,4;35,9;66,9;66,9;60,4;52,5;
00:00:12,575;56,5;56,5;35,7;66,8;66,8;60,4;52,7;
00:00:12,587;56,9;56,9;35,9;66,9;66,9;60,7;52,4;
00:00:12,600;56,2;56,2;36,0;67,0;67,0;60,6;52,8;
00:00:12,612;57,1;57,1;36,0;67,0;67,0;60,4;52,6;
00:00:12,625;56,5;56,5;35,9;66,9;66,9;60,7;52,5;
00:00:12,637;56,8;56,8;36,0;66,9;66,9;60,4;52,3;
00:00:12,650;56,0;56,0;35,9;66,6;66,6;60,3;52,6;
00:00:12,662;56,3;56,3;36,0;67,0;67,0;60,5;52,4;
00:00:12,675;56,6;56,6;35,9;67,0;67,0;60,2;52,4;
00:00:12,687;56,7;56,7;35,9;66,8;66,8;60,4;52,2;
00:00:12,700;56,8;56,8;36,1;66,8;66,8;60,8;52,8;
00:00:12,712;56,4;56,4;36,0;66,9;66,9;60,4;52,4;
00:00:12,725;56,7;56,7;35,7;66,9;66,9;60,6;52,5;
00:00:12,737;56,4;56,4;35,7;67,0;67,0;60,2;52,4;
00:00:12,750;56,6;56,6;35,9;66,4;66,4;60,1;52,5;
00:00:12,762;56,1;56,1;35,8;66,9;66,9;60,7;52,5;
00:00:12,775;56,8;56,8;36,0;66,7;66,7;60,8;52,4;
00:00:12,787;56,6;56,6;35,7;66,8;66,8;60,6;52,6;
00:00:12,800;56,6;56,6;35,9;67,1;67,1;60,2;52,4;
00:00:12,812;56,5;56,5;35,9;66,9;66,9;60,2;52,8;
00:00:12,825;56,7;56,7;35,9;67,0;67,0;60,5;52,5;
00:00:12,837;56,5;56,5;36,0;66,8;66,8;60,7;52,9;
00:00:12,850;56,6;56,6;35,9;66,7;66,7;60,4;52,5;
00:00:12,862;56,6;56,6;35,9;66,6;66,6;60,7;52,5;
00:00:12,875;56,5;56,5;35,9;66,7;66,7;60,1;52,4;
00:00:12,887;56,7;56,7;35,9;67,2;67,2;60,5;52,3;
00:00:12,900;56,7;56,7;36,1;66,8;66,8;60,6;52,5;
00:00:12,912;56,5;56,5;36,2;67,0;67,0;60,5;52,5;
00:00:12,925;56,5;56,5;35,9;66,8;66,8;60,7;52,5;
00:00:12,937;56,4;56,4;36,3;67,2;67,2;60,8;52,5;
00:00:12,950;56,8;56,8;35,9;67,1;67,1;60,6;52,5;
00:00:12,962;56,8;56,8;36,1;66,9;66,9;60,5;53,1;
00:00:12,975;56,4;56,4;36,0;67,0;67,0;60,7;52,6;
00:00:12,987;56,6;56,6;36,0;67,2;67,2;60,5;52,5;
00:00:13,000;56,7;56,7;36,0;67,0;67,0;60,8;52,5;
00:00:13,012;56,6;56,6;35,9;67,0;67,0;60,5;52,5;
00:00:13,025;56,6;56,6;35,9;66,9;66,9;60,4;52,6;
00:00:13,037;56,5;56,5;36,0;66,9;66,9;60,5;53,0;
00:00:13,050;56,8;56,8;36,2;67,2;67,2;60,4;52,5;
00:00:13,062;56,5;56,5;36,0;67,1;67,1;60,7;52,7;
00:00:13,075;56,6;56,6;35,9;66,7;66,7;60,4;52,5;
00:00:13,087;56,8;56,8;35,9;66,8;66,8;60,6;52,6;
00:00:13,100;56,6;56,6;36,0;67,1;67,1;60,6;52,8;
00:00:13,112;56,6;56,6;35,8;66,8;66,8;60,4;52,3;
00:00:13,125;56,8;56,8;35,9;67,2;67,2;60,6;52,3;
00:00:13,137;56,5;56,5;36,1;67,0;67,0;60,4;52,5;
00:00:13,150;56,8;56,8;35,9;67,0;67,0;60,3;52,4;
00:00:13,162;56,6;56,6;35,9;66,9;66,9;60,4;52,8;
00:00:13,175;56,6;56,6;36,0;66,8;66,8;60,3;52,7;
00:00:13,187;56,7;56,7;35,8;67,1;67,1;60,5;52,5;
00:00:13,200;56,5;56,5;35,8;67,0;67,0;60,4;52,7;
00:00:13,212;56,4;56,4;36,0;66,9;66,9;60,3;52,5;
00:00:13,225;56,3;56,3;35,9;66,7;66,7;60,5;52,5;
00:00:13,237;56,4;56,4;35,7;66,7;66,7;60,3;52,4;
00:00:13,250;56,5;56,5;35,7;67,1;67,1;60,5;52,4;
00:00:13,262;56,7;56,7;35,9;66,8;66,8;60,6;52,7;
00:00:13,275;56,7;56,7;35,9;66,5;66,5;60,4;52,5;
00:00:13,287;56,7;56,7;35,8;67,0;67,0;60,3;52,5;
00:00:13,300;56,8;56,8;36,0;67,0;67,0;60,5;52,5;
00:00:13,312;56,9;56,9;36,0;66,9;66,9;60,5;52,8;
00:00:13,325;56,4;56,4;35,9;66,9;66,9;60,4;52,5;
00:00:13,337;56,6;56,6;35,8;66,9;66,9;60,4;52,5;
00:00:13,350;56,3;56,3;35,9;66,7;66,7;60,5;52,4;
00:00:13,362;56,5;56,5;36,0;66,8;66,8;60,5;52,6;
00:00:13,375;56,5;56,5;35,7;67,0;67,0;60,7;52,3;
00:00:13,387;56,4;56,4;35,9;66,8;66,8;60,6;52,5;
00:00:13,400;56,8;56,8;35,9;66,8;66,8;60,6;52,8;
00:00:13,412;56,7;56,7;35,7;67,2;67,2;60,4;52,4;
00:00:13,425;56,7;56,7;35,7;66,8;66,8;60,2;52,3;
00:00:13,437;56,8;56,8;35,7;66,7;66,7;60,2;52,2;
00:00:13,450;56,6;56,6;35,9;67,1;67,1;60,6;52,4;
00:00:13,462;56,3;56,3;35,9;66,9;66,9;60,5;52,4;
00:00:13,475;56,8;56,8;35,7;66,9;66,9;60,4;52,3;
00:00:13,487;56,8;56,8;35,8;66,7;66,7;60,2;52,3;
00:00:13,500;56,7;56,7;36,0;66,9;66,9;60,5;52,4;
00:00:13,512;56,4;56,4;35,9;66,9;66,9;60,8;52,5;
00:00:13,525;56,5;56,5;35,8;66,9;66,9;60,5;52,4;
00:00:13,537;56,9;56,9;36,0;67,0;67,0;60,2;52,8;
00:00:13,550;56,8;56,8;35,8;67,0;67,0;60,2;52,2;
00:00:13,562;56,6;56,6;35,9;66,8;66,8;60,1;52,4;
00:00:13,575;56,5;56,5;35,9;66,9;66,9;60,2;52,4;
00:00:13,587;56,9;56,9;35,7;66,8;66,8;60,1;52,3;
00:00:13,600;56,4;56,4;35,7;67,0;67,0;60,3;52,4;
00:00:13,612;56,4;56,4;35,9;66,8;66,8;60,6;52,4;
00:00:13,625;56,6;56,6;35,7;66,8;66,8;60,6;52,4;
00:00:13,637;56,3;56,3;35,8;67,3;67,3;60,4;52,4;
00:00:13,650;56,7;56,7;35,8;67,0;67,0;60,4;52,3;
00:00:13,662;56,2;56,2;35,9;66,9;66,9;61,0;52,3;
00:00:13,675;56,6;56,6;35,7;66,8;66,8;60,6;52,5;
00:00:13,687;56,7;56,7;35,7;66,8;66,8;60,7;52,5;
00:00:13,700;56,5;56,5;35,8;67,1;67,1;60,7;52,4;
00:00:13,712;56,5;56,5;35,8;67,0;67,0;60,5;52,5;
00:00:13,725;56,8;56,8;36,0;67,1;67,1;60,3;52,5;
00:00:13,737;56,5;56,5;35,7;66,8;66,8;60,6;52,5;
00:00:13,750;56,9;56,9;35,8;66,8;66,8;60,5;52,5;
00:00:13,762;56,7;56,7;35,7;67,0;67,0;60,6;52,6;
00:00:13,775;56,7;56,7;35,8;67,0;67,0;60,5;52,5;
00:00:13,787;56,5;56,5;35,7;67,1;67,1;60,5;52,2;
00:00:13,800;56,6;56,6;36,1;67,0;67,0;60,5;52,5;
00:00:13,812;56,4;56,4;35,9;67,0;67,0;60,9;52,3;
00:00:13,825;56,9;56,9;35,8;67,0;67,0;60,4;52,3;
00:00:13,837;56,7;56,7;35,9;67,1;67,1;60,6;52,4;
00:00:13,850;56,7;56,7;35,9;66,8;66,8;60,7;52,4;
00:00:13,862;57,1;57,1;36,1;67,0;67,0;60,5;52,6;
00:00:13,875;56,9;56,9;35,9;67,0;67,0;60,5;52,3;
00:00:13,887;56,5;56,5;35,9;66,7;66,7;60,5;52,5;
00:00:13,900;56,3;56,3;35,7;67,0;67,0;60,9;52,6;
00:00:13,912;56,8;56,8;35,8;66,8;66,8;60,7;52,4;
00:00:13,925;56,8;56,8;35,7;66,9;66,9;60,5;52,6;
00:00:13,937;56,4;56,4;35,7;67,0;67,0;60,5;52,2;
00:00:13,950;56,9;56,9;35,8;66,9;66,9;60,4;52,6;
00:00:13,962;56,8;56,8;35,7;66,8;66,8;60,4;52,4;
00:00:13,975;56,6;56,6;35,9;66,5;66,5;60,7;52,8;
00:00:13,987;56,6;56,6;35,6;66,5;66,5;60,2;52,3;
00:00:14,000;56,6;56,6;35,7;66,8;66,8;60,1;52,5;
00:00:14,012;56,3;56,3;35,9;66,9;66,9;60,4;52,4;
00:00:14,025;56,7;56,7;35,7;67,1;67,1;60,2;52,5;
00:00:14,037;56,8;56,8;35,7;67,0;67,0;60,3;52,5;
00:00:14,050;56,4;56,4;35,7;67,0;67,0;60,1;52,5;
00:00:14,062;56,8;56,8;35,9;67,0;67,0;60,7;52,5;
00:00:14,075;56,5;56,5;35,7;67,1;67,1;60,7;52,8;
00:00:14,087;56,8;56,8;36,2;67,1;67,1;60,6;52,4;
00:00:14,100;56,6;56,6;35,8;67,1;67,1;60,7;52,5;
00:00:14,112;56,8;56,8;35,7;67,0;67,0;60,7;52,5;
00:00:14,125;56,9;56,9;35,8;66,9;66,9;60,4;52,5;
00:00:14,137;56,8;56,8;35,9;67,2;67,2;60,7;52,8;
00:00:14,150;56,4;56,4;35,9;66,9;66,9;60,5;52,3;
00:00:14,162;56,5;56,5;35,7;67,1;67,1;60,4;52,6;
00:00:14,175;57,1;57,1;35,7;66,7;66,7;60,4;52,9;
00:00:14,187;56,7;56,7;35,7;67,1;67,1;60,7;52,4;
00:00:14,200;56,4;56,4;36,0;66,9;66,9;60,7;53,0;
00:00:14,212;56,5;56,5;35,8;66,9;66,9;60,5;52,6;
00:00:14,225;56,5;56,5;35,8;66,8;66,8;60,3;52,3;
00:00:14,237;56,5;56,5;35,8;66,7;66,7;60,4;52,5;
00:00:14,250;56,5;56,5;35,8;66,9;66,9;60,2;52,3;
00:00:14,262;56,5;56,5;35,7;66,4;66,4;60,4;52,7;
00:00:14,275;56,7;56,7;35,8;66,8;66,8;60,6;52,7;
00:00:14,287;56,7;56,7;35,7;67,1;67,1;60,3;52,3;
00:00:14,300;56,7;56,7;35,7;67,1;67,1;60,1;52,5;
00:00:14,312;56,6;56,6;36,0;67,0;67,0;60,4;52,4;
00:00:14,325;56,5;56,5;35,9;66,7;66,7;60,5;52,5;
00:00:14,337;56,6;56,6;36,0;67,0;67,0;60,4;52,6;
00:00:14,350;56,6;56,6;35,8;66,8;66,8;60,6;52,2;
00:00:14,362;56,9;56,9;35,7;66,6;66,6;60,6;52,6;
00:00:14,375;56,8;56,8;35,9;66,9;66,9;60,3;52,3;
00:00:14,387;56,6;56,6;35,9;66,8;66,8;60,5;52,4;
00:00:14,400;56,6;56,6;36,2;67,1;67,1;60,4;52,7;
00:00:14,412;56,5;56,5;35,9;67,1;67,1;60,6;52,7;
00:00:14,425;57,1;57,1;36,0;67,0;67,0;61,0;52,4;
00:00:14,437;56,4;56,4;36,0;67,0;67,0;60,5;52,6;
00:00:14,450;57,0;57,0;35,9;66,9;66,9;60,5;52,3;
00:00:14,462;56,9;56,9;36,0;67,2;67,2;60,5;52,2;
00:00:14,475;57,0;57,0;35,9;66,7;66,7;60,5;52,7;
00:00:14,487;56,9;56,9;35,9;66,6;66,6;60,7;52,5;
00:00:14,500;56,5;56,5;35,8;66,4;66,4;60,4;52,7;
00:00:14,512;56,8;56,8;35,8;66,8;66,8;60,5;52,5;
00:00:14,525;56,5;56,5;35,7;66,9;66,9;60,6;52,5;
00:00:14,537;56,4;56,4;35,9;66,9;66,9;60,6;52,7;
00:00:14,550;56,9;56,9;35,7;66,6;66,6;60,5;52,8;
00:00:14,562;56,7;56,7;35,9;66,8;66,8;60,6;52,6;
00:00:14,575;56,7;56,7;35,7;66,9;66,9;60,8;52,4;
00:00:14,587;56,5;56,5;35,7;67,0;67,0;60,2;52,3;
00:00:14,600;56,4;56,4;35,9;66,8;66,8;60,7;52,5;
00:00:14,612;56,6;56,6;36,0;66,7;66,7;60,2;52,8;
00:00:14,625;56,9;56,9;36,0;67,3;67,3;60,2;52,6;
00:00:14,637;56,7;56,7;35,7;66,7;66,7;60,9;52,4;
00:00:14,650;56,8;56,8;35,7;66,8;66,8;60,1;52,4;
00:00:14,662;56,8;56,8;35,7;67,0;67,0;60,5;52,7;
00:00:14,675;56,6;56,6;35,8;66,8;66,8;60,5;52,6;
00:00:14,687;56,6;56,6;35,9;66,8;66,8;60,3;52,4;
00:00:14,700;57,1;57,1;35,9;67,0;67,0;60,5;52,6;
00:00:14,712;56,7;56,7;36,0;66,8;66,8;60,5;52,5;
00:00:14,725;56,7;56,7;35,9;66,9;66,9;60,7;52,4;
00:00:14,737;56,7;56,7;35,7;66,6;66,6;60,5;52,4;
00:00:14,750;56,9;56,9;35,7;67,2;67,2;60,6;52,4;
00:00:14,762;56,7;56,7;36,0;66,8;66,8;60,7;52,5;
00:00:14,775;56,7;56,7;35,9;66,9;66,9;60,5;52,6;
00:00:14,787;56,6;56,6;35,8;67,0;67,0;60,6;52,8;
00:00:14,800;56,8;56,8;36,0;66,7;66,7;60,7;52,7;
00:00:14,812;56,4;56,4;35,8;66,7;66,7;60,5;52,8;
00:00:14,825;56,6;56,6;35,9;67,0;67,0;60,4;52,5;
00:00:14,837;56,5;56,5;35,7;66,8;66,8;60,2;52,8;
00:00:14,850;56,8;56,8;35,8;67,0;67,0;60,6;52,5;
00:00:14,862;56,4;56,4;35,9;66,9;66,9;60,7;52,3;
00:00:14,875;56,4;56,4;36,0;66,9;66,9;60,6;52,3;
---------------------------------
End of File
